"YEAR" "ST" "CO2" "LA_CO2_FLUX" "OA_CO2_FLUX" "GPP" "NPP" "HETRES" "CLIVE" "CDEAD"
1850 13.7114612147922 284.316986083984 -0.0120112533772773 -0.821146449545007 86.5319941387989 39.8747707393336 37.4194381701801 507.630440511872 1707.28281930885
1851 13.6546066066234 287.160186767578 0.651355750194428 -0.234003133822692 87.3407276924307 40.2157066871626 36.7677273256456 508.147248679144 1707.5656768257
1852 13.7223995387359 290.031799316406 1.10288034056947 -0.246344672759277 90.0067061579535 41.7454534705133 37.7886470264405 508.842296896995 1707.62391703407
1853 13.7779677468871 292.932098388672 0.357179915973619 0.14352412895843 89.0660497119641 40.888081625108 37.5680338506849 509.414395812092 1708.05153109778
1854 13.7918375958916 295.861389160156 1.46923322079319 0.402644586215245 88.6241510283177 40.9582285761686 37.0828371325704 509.705260124638 1708.17568336702
1855 13.7026721924454 298.820007324219 1.33676188028939 0.507510536797132 90.0074112518933 41.6001382374586 37.3546850231997 510.750216221385 1708.94791261887
1856 13.8408395271776 301.808197021484 0.89432390674009 0.661212838594654 90.4767245279911 41.2878259392931 37.7121182751924 511.749489591693 1709.06277448092
1857 13.819999060425 304.826293945312 0.715569784006946 0.901629600202725 90.291099912112 41.3309928075748 37.7168940438193 512.198586126493 1709.4530038346
1858 13.8090209691907 307.874603271484 1.55652218178744 0.892753752368022 91.3418392765085 41.8950531386661 37.4272043191263 513.185802677872 1709.55796091353
1859 13.6726857456839 310.953308105469 2.27240451115158 1.1288037158918 91.8783731422922 42.3159395555582 37.2519002125997 514.387888931568 1710.18325262662
1860 13.726640205887 314.062805175781 2.02908744772616 1.16273522820049 93.6688947672784 43.0358020597719 38.2630084816176 515.87560175343 1710.61643590267
1861 13.7509557527086 317.203491210938 1.85990107096688 1.22516122743179 94.3760572451608 42.8319866631964 37.9942501085314 517.632288847182 1711.55915447645
1862 13.7177989401952 320.37548828125 2.84127458611616 1.32784473235214 94.4918592254232 43.3561349891648 37.7552803668789 518.918292499009 1712.30938248837
1863 13.7251206327352 323.579315185547 3.64008497425442 1.17380706726308 99.1558860574969 45.6966663119256 39.2263327901313 521.245752429858 1712.78481054907
1864 13.5363224394205 326.815093994141 3.81076026235039 1.21024199056842 99.0397083298016 44.9269270811413 38.0731508842028 524.37692344998 1714.15442071778
1865 13.7916774862439 330.083190917969 2.02154287484855 1.43901799993948 95.5650402775605 43.2199370382465 38.3869538672998 525.080414647007 1716.03598547868
1866 13.8245386526713 333.384002685547 3.45196471526473 1.71678096199779 98.5020174084442 45.6057683984344 39.1469969076164 526.640848195178 1717.14013020456
1867 13.8344865389601 336.717895507812 4.45434594360798 1.92135233380552 102.312165000389 46.8601449619261 39.4551820957383 530.090464866896 1718.00167052544
1868 13.8682050029195 340.085113525391 2.84649103303143 2.04293292072123 99.8723678922193 45.1732783819644 39.287981045664 531.933650014627 1719.98247458411
1869 13.8315491135511 343.485900878906 2.49042638700891 2.1515897991751 97.5563051649103 44.1876408679135 38.766707619773 533.35555992001 1721.25539380535
1870 13.7623674703382 346.920806884766 3.07425089817822 2.07735370480618 97.2904055610832 44.6312704930329 38.9110134773359 534.35988067025 1722.51018674408
1871 13.724167612753 350.390014648438 3.86825826289475 2.15892746481664 97.9892862064169 44.7978073928317 38.0463658854699 536.436419533442 1724.28928009989
1872 13.5937676721142 353.893890380859 3.83575768349862 2.11604925590719 98.6770993059349 45.0115795215605 38.279097137465 538.411142596492 1726.30151641197
1873 13.6909399682752 357.432800292969 3.45580483937835 2.40095790455908 99.1970645922023 45.4839691688471 39.0970271100594 540.252010466531 1728.15152407741
1874 13.6125669178103 361.007110595703 4.57229597718672 2.21204509348695 100.08557461355 46.1185425265103 38.7654519376784 542.420411585719 1729.9713357179
1875 13.6166152432819 364.6171875 5.09041339108659 2.21992426316565 101.849975994784 47.1600116911197 39.1862622887201 544.908216819952 1732.17082045565
1876 13.7402940959719 368.263397216797 4.58326241827343 2.51748179984002 103.728626513982 47.0322237608426 39.4499672534953 548.349735728036 1733.97853423036
1877 13.781038620129 371.946014404297 4.90078106118848 2.38442720476891 103.322463312974 47.3903643613095 39.7861636284084 550.398117029402 1736.18050821244
1878 13.5711601177532 375.665496826172 6.39478362935787 2.63664682677329 105.31996841672 48.5328489652047 39.5021980680359 553.675452633513 1738.74594207177
1879 13.8047265486383 379.422088623047 5.66777238194345 2.43468768858901 108.983503269499 49.91126611191 41.322794317269 557.453262179036 1741.0294951387
1880 13.5263125008746 383.216400146484 5.98077180953461 2.49194283719006 109.489326278554 49.4781697522792 40.0337481961466 561.270687368586 1743.62823369876
1881 13.6550595030832 387.048492431641 4.94950517073741 2.54210909406021 107.191965737485 48.4540001797856 40.629232809136 563.298436612116 1746.10603188211
1882 13.4625418084306 390.919006347656 6.21020510938701 2.47226580409581 108.767921159425 49.5076336862306 40.1406487865564 567.090285533124 1748.62837490128
1883 13.6875364675309 394.828186035156 4.81664413751316 2.69953890028158 107.526992328389 48.2723047065022 40.4021732810033 569.690779527716 1751.43046184501
1884 13.7122582817016 398.776489257812 5.60444507791179 2.67678852279383 106.811038465796 48.7540387848002 40.2334042670464 571.950081095502 1753.89566946809
1885 13.8319671038333 402.764190673828 5.30615029794453 2.7624374105144 109.471339580137 49.1045249530853 40.5543220797701 575.885763469392 1756.21947018191
1886 13.8280458596897 406.791900634766 6.50748073435859 2.92421536201144 110.710544127954 50.4169065793059 41.2537368174866 578.901913056184 1758.68609427533
1887 13.6679774792798 410.859802246094 7.75921380653392 3.10561094045258 115.239096827831 52.5540291469407 41.8163679737295 583.426286886135 1761.41344118307
1888 13.6471368441151 414.968414306641 5.72322917804773 3.02475519233699 113.019556298253 50.2957275009953 41.3169237167643 587.497532863196 1764.47466340578
1889 13.7652621826937 419.118103027344 6.66342967978711 3.08985456960369 115.609460857034 52.3339959143063 42.5823070457305 590.839931758912 1767.24235162603
1890 13.6224533237489 423.309295654297 6.86500125486973 3.00942119044825 115.227354929888 51.9045239528246 41.7389474627187 594.926202913541 1770.50974854011
1891 13.6808093831092 427.542388916016 6.21695854780036 3.12285394888556 112.330383269594 51.0597239394925 41.7822322577464 596.990864526389 1773.85629094692
1892 13.594270438756 431.817810058594 6.95353601602861 3.01070877601486 114.692347768355 51.9466059148139 41.928815585684 601.079620441839 1777.04522022645
1893 13.5675705261009 436.135986328125 6.70092963786678 3.14702875672817 115.184094169782 52.1041735093083 42.1509650254031 604.75517135923 1780.39690012031
1894 13.5744618899927 440.497314453125 8.28427291270908 3.13713398200876 117.175594976378 53.8166186466228 42.5832885970655 608.525670070598 1783.74133765442
1895 13.6308020398293 444.902313232422 8.08734455561528 3.15397145966814 120.251522451708 54.5200295692493 43.5582635617494 613.487417015528 1787.03583205013
1896 13.6824608342308 449.351287841797 6.53445123154865 3.28640323716715 117.381675331695 52.4385291052408 42.8857016999834 617.121579821728 1790.91103098194
1897 13.6520688924994 453.844787597656 5.94437237074964 3.18763972900112 115.083709607721 51.3529147610205 42.2795558213359 620.06916896067 1794.5998357837
1898 13.6225554421032 458.38330078125 6.94539393773066 3.25447611974807 116.959273939314 52.861457518063 42.7971517648425 623.362968019918 1798.17913937006
1899 13.6720829869571 462.967102050781 6.70895123274539 3.15868405030424 116.103196768357 53.0455213166686 42.9635334685003 626.032631678261 1801.44122812545
1900 13.3099490648516 467.596801757812 10.0852686023699 3.30742767870972 122.261723136012 56.6152473253609 43.3977125099802 631.144525407801 1804.86944907537
1901 13.4831316790523 472.272796630859 7.32535848227747 3.29901781413004 120.053279825193 53.5343659453532 43.1556554197581 635.366373506941 1809.1996794793
1902 13.6359269722034 476.995513916016 7.63366104217642 3.25012103415176 123.145640439454 55.0666653108353 44.2942712772434 639.829963713222 1812.72371375611
1903 13.5206879271182 481.765411376953 8.96641686103155 3.46528263114531 122.718301557288 55.9027341081919 43.5470601024129 643.568066280525 1817.08257488289
1904 13.6181069489259 486.583099365234 6.82506088448319 3.41105075838137 122.614885589653 54.3340108193626 44.3429157738679 647.516613819244 1821.12111640476
1905 13.4072143730148 491.448913574219 8.28054069706676 3.39025370574807 122.643752280923 55.3185613514901 43.8472313852317 651.341275348718 1825.13699221651
1906 13.51465633771 496.363403320312 6.82463498157144 3.7285655737596 119.950330767784 53.4751417975444 43.3850320885468 654.260982181939 1829.57010237835
1907 13.602563115808 501.326995849609 7.96355524353361 3.41844051737442 124.442229759999 56.0846684656248 44.7999957173966 658.270282672887 1832.76160876103
1908 13.3701322838687 506.340301513672 10.1538259938674 3.22953588389576 128.576626082453 58.3034476141192 44.8255666832606 664.026937468964 1836.54276870046
1909 13.4433209749848 511.403686523438 8.33358482950623 3.57685536168438 127.862978119558 56.6219479581131 44.8868620520215 668.790286821748 1841.36877556861
1910 13.6196949535029 516.517822265625 8.0458592309283 3.65686046993028 127.923349266669 57.0181681659037 45.7924216613888 672.308312852583 1845.59462688866
1911 13.4377824133778 521.682922363281 9.01852468365183 3.61059613893018 127.8695786193 57.4059634371354 45.1226890495221 676.745326309641 1850.06663823733
1912 13.4733918556824 526.899780273438 7.48156214517529 3.61014739369079 125.740266917669 55.9412404932655 45.0034070946552 680.321727079088 1854.76906550463
1913 13.5396729892872 532.168823242188 8.39069718256896 3.63284776311207 129.104547200262 57.4888775497649 45.6447723914247 684.893499045605 1858.4104452325
1914 13.5636170276169 537.490417480469 9.33130024086596 3.69595312830418 132.065974677208 59.1956462491905 46.5743390718844 689.826235393943 1862.59203163824
1915 13.5798097990054 542.865417480469 8.1809648171666 3.81634453955801 128.963131127022 57.8648640589996 46.1929780100615 693.328174549973 1867.32968887054
1916 13.4126063842125 548.294006347656 9.89429372678032 3.84512271947143 133.483083075862 60.0749343435652 46.8433802692389 698.829274306642 1871.45758782825
1917 13.5572041920171 553.776916503906 8.90191068541978 3.74874132764251 131.328493388348 58.8258625493328 46.3720119691799 702.978303801697 1876.62226161189
1918 13.5490347656585 559.314697265625 9.02655165606798 4.09748279707919 130.502397798112 58.6274437671534 46.2918134840095 706.568492261421 1881.55697502284
1919 13.4168370364832 564.907897949219 9.29889861259773 3.82716688683879 131.603732361991 59.3314879593727 46.558765992655 711.171558684064 1886.59989900334
1920 13.5355161116964 570.556884765625 9.09379256083443 3.89730438985836 135.142932357232 60.2373084190152 47.4982256126118 716.631523037967 1890.82887600318
1921 13.4823244133136 576.262512207031 8.13465651530944 3.67747364772589 130.379258925948 58.5094952916025 46.9612843678337 719.459232104131 1896.19678639901
1922 13.365793661286 582.025085449219 10.6537129142419 4.01517075714601 134.481396698147 60.8079696848188 47.1236697728925 724.287978455388 1900.79725739752
1923 13.4153129085413 587.845397949219 8.973629314607 3.92136460663314 135.117886939537 60.1624754086055 47.663437089026 728.998584588064 1905.90837730958
1924 13.6579622097262 593.723815917969 8.68008453743212 4.15733894066983 135.964650302311 60.4960105994983 48.4017874657394 733.292768122512 1910.54440931024
1925 13.5055092467404 599.661071777344 9.33344343702334 3.97732990599478 135.679820499365 61.0187895223098 48.3592468112285 737.101314996107 1915.19385482432
1926 13.2822630472963 605.65771484375 10.7092215052103 3.99158259011455 138.457951761753 62.0807143919625 47.7912781651174 742.832255880088 1920.51914480339
1927 13.3246553671387 611.714294433594 8.56436240853597 4.14229357256381 135.574317583751 60.4146825653361 48.1759091677923 746.153865312669 1926.56467852772
1928 13.2659410671465 617.831420898438 10.8023305503907 4.12293880288364 140.21957984645 63.4510708357773 49.1461988251382 751.286916669082 1931.42830079984
1929 13.2912708780961 624.009704589844 10.0067390597571 3.99154300537979 137.953818216523 62.0174667134141 48.2801170252899 755.811037625074 1937.37293165415
1930 13.3381325689038 630.249816894531 8.76581673630963 4.21536693693078 135.738843945912 61.0096215759789 48.7980597374275 759.242138424921 1942.87939248242
1931 13.3902847767035 636.552307128906 9.28550425377692 4.20584126884105 138.78780725711 61.8639112635979 48.6686370634031 764.283752741647 1947.49601851396
1932 13.3940642922206 642.917785644531 9.01066065310149 4.06630172715922 137.54635739626 61.4752636842858 48.9640266661529 768.322581922549 1952.48235488004
1933 13.4549444966811 649.346984863281 10.6995368114584 4.2568634064516 140.055409959246 63.7419450659236 49.5976182833505 772.750824939055 1957.44280980277
1934 13.4052226621352 655.840515136719 10.2571191141491 4.13781204288484 142.860135773951 63.1152668133828 49.0792846870527 779.153401598587 1962.50230927384
1935 13.4238672941023 662.39892578125 9.84294116408071 4.09875916102299 142.185946749456 63.7949005198382 50.0289291301476 782.872572650969 1968.19146066561
1936 13.4330266200058 669.022888183594 9.26482671185875 4.2108873796703 139.868864296554 62.049126812067 49.3526268941948 787.169490313609 1973.71272927161
1937 13.3418521813547 675.713073730469 12.427567120257 3.99158285298821 147.832059707354 66.9398205331079 50.9759690601837 793.430094904011 1978.65727189052
1938 13.3929955886032 682.47021484375 9.24275961574686 4.16138774135161 142.769008539738 62.8542358483831 49.7282979183978 797.820726654021 1985.15466336217
1939 13.3523653721575 689.294921875 9.25416879730681 4.46221212273315 142.259508126912 63.8214796759202 50.7305626120044 800.990561508783 1991.18614546452
1940 13.2301318841416 696.187927246094 11.7607110828932 4.2511475654167 146.461338447546 66.4149404787486 50.8079408970567 806.497748420699 1996.22586521408
1941 13.4302481536975 703.149780273438 9.83765869616195 4.43290398536775 146.662531682003 65.2111672739693 51.9856690385297 811.543771419285 2001.92982108624
1942 13.15477842988 710.181274414062 11.9988645469164 4.50695816879806 147.620190472108 66.7586763628521 51.1002503173004 816.418488929679 2008.11312942313
1943 13.1702200418397 717.283081054688 11.5867449178841 4.23379049846789 150.181415794598 67.1281707447681 51.9578512827917 822.403229412509 2014.18253408917
1944 13.3795828301132 724.455871582031 10.5110620214181 4.36064762644873 151.151320494143 67.1979060964034 52.7165633830604 827.565476455205 2019.640220802
1945 13.2975689414258 731.700500488281 11.2595818129506 4.25521185542082 152.707803858012 67.9070257754545 53.0454119353553 833.43716479746 2024.80564919868
1946 13.253587333825 739.017517089844 12.8304255781728 4.17371414207585 156.932715258932 69.9797894815997 53.4017509679004 840.148826003676 2030.51640149557
1947 13.3727500576074 746.40771484375 10.7928453174003 4.12079305123098 153.796394922703 67.7027048938143 53.2263069135274 845.316416146135 2037.19412256888
1948 13.4700422707014 753.871704101562 10.8122209841183 4.20919949506848 153.542657862727 68.2357312948468 54.0406664270678 850.274818022498 2043.01509243623
1949 13.2540653356756 761.410400390625 13.1898624938788 4.50610250728936 158.510009928218 71.2017343888629 54.264114147106 856.781963852099 2048.58964665817
1950 13.3362734381145 769.024597167969 10.3453682909098 4.42745908221449 154.950685498479 68.0780784865261 53.7969155058065 862.367608617605 2055.20036389285
1951 13.4722761620296 776.714782714844 10.0661028512561 4.53383108239274 155.084098636421 68.4471532693141 54.4015386215948 866.864879308831 2060.40884446403
1952 13.2363029947348 784.481872558594 12.8845866361696 4.35390470767407 158.331976474511 70.85134062644 53.924990131158 873.082456060925 2066.2424379654
1953 13.3259677832341 792.326782226562 11.0428116877713 4.33271562767379 157.627511867104 69.4066897291617 54.6581761835464 878.423954492783 2072.96814591899
1954 13.2792188309026 800.25 10.5948018990461 4.33309740270586 158.134625663713 69.2600236305818 54.8414385096533 883.910662825423 2078.50599373575
1955 13.2294091573666 808.252502441406 11.7005090466733 4.43118959490323 158.826276957173 71.1911508739407 55.4488404450315 888.779025079248 2084.5275366882
1956 13.2784449660056 816.335083007812 10.6229215745949 4.42020480918048 156.671688397304 69.1081993523848 54.5996428768335 893.95106283723 2090.66317698456
1957 13.4077524025618 824.498413085938 9.57061729235452 4.71324578927326 153.468431009612 67.494453376343 54.4202199515997 897.627042496261 2097.00578431522
1958 13.373324286921 832.743408203125 11.6188647269979 4.69239541135858 159.437747537662 71.5169461123899 56.3102274586263 902.816132009168 2102.2717505773
1959 13.4045080641905 841.07080078125 12.1484719137776 4.40444758743812 161.693158083986 71.6693255574407 55.7759650564844 909.232976470986 2108.10865939898
1960 13.5000606418062 849.481506347656 11.9148246453352 4.62239394414316 166.10317876308 73.302276581383 57.1097782083824 915.642958128927 2113.78483002724
1961 13.3323068272837 857.976379394531 10.8396614639039 4.44002071865964 163.545283591948 71.4808220565668 55.8846325485608 921.429779691116 2120.28898306742
1962 13.3900651342955 866.556091308594 11.219333973157 4.76550146576163 162.945185223682 72.0231729113235 56.65715970056 925.934160304476 2126.30467908468
1963 13.4159573912751 875.2216796875 10.8419786728102 4.72185980105933 162.05165478021 71.5006653433777 56.7665562217004 930.517170137264 2132.82384247595
1964 13.2296205039652 883.973876953125 13.0136955856309 4.390440623287 165.79166855794 74.129408003623 57.0347384883379 936.624469837516 2139.13292766737
1965 13.5061274773661 892.813598632812 10.2710086380958 4.77385999990301 163.930106481309 72.3357745779352 57.8894222297888 941.146929373772 2146.05103739843
1966 13.41668007309 901.741821289062 11.657418081388 4.70391420993008 163.27969098236 72.2981126118574 56.7094310973987 946.238934285651 2152.47585094968
1967 13.5481799430394 910.759216308594 9.46487479705136 5.04901199972715 160.926769730674 70.7432502590379 56.8107553951158 950.040225256226 2159.08177399955
1968 13.4227442131544 919.866821289062 11.343915603319 4.56503560040292 164.201620934548 72.9577985797733 57.3170967247017 955.133151681552 2164.41169559845
1969 13.3551693793199 929.0654296875 12.7315882103819 4.5704709068575 167.123736686709 73.9089101936761 57.4571254017402 961.168417733605 2170.54410399966
1970 13.5320384562845 938.356079101562 12.6910472427818 4.89852923717355 171.67626396017 75.7555937541212 58.9838257547381 967.412675440387 2176.72645319446
1971 13.5073582836388 947.739685058594 8.69505437377559 4.51659617368977 163.771514045505 71.1313001513481 57.9709748118137 971.231308087027 2183.369052166
1972 13.2971608197339 957.217102050781 12.0770951254034 4.44990893369983 168.258592398004 74.8739924778655 58.2996187499508 976.715995781295 2189.17697476466
1973 13.2563520509509 966.789184570312 13.3426655801438 4.22927917188083 170.151633126988 75.6632249790916 58.2889078059103 982.096893292451 2195.89802285064
1974 13.630124759383 976.457092285156 10.8893327756338 4.36047036140641 172.928108100976 75.7357530254895 60.6944901901524 988.25901992463 2201.89720925982
1975 13.4213240828511 986.2216796875 12.6489673861143 4.48521880428601 171.348544593307 75.9203902170093 59.1779629687164 993.815466936324 2208.50362895214
1976 13.3053170685931 996.083923339844 11.9704346715328 4.70115213904562 172.340065891999 75.6672617150501 59.8197373683373 999.380582282435 2215.48146666757
1977 13.5028567129627 1006.04467773438 11.3104606924867 4.59548714033221 174.100892162787 76.1107239907178 60.3382473039794 1005.53219553995 2221.55251795898
1978 13.4720412173316 1016.10522460938 12.1248568886848 4.64795179667398 172.65775060939 76.8999513571835 60.6697941091491 1009.89988612238 2228.45544266089
1979 13.4737286743803 1026.26623535156 12.1987022270999 4.6830836365385 173.419753168089 76.7969050556628 60.4819579739258 1015.64490323108 2235.05660445505
1980 13.4113698903658 1036.52893066406 11.0459140576335 4.63174010871104 172.228429238863 76.0363587997905 60.5712662203379 1020.73981403403 2241.47302931256
1981 13.4785513843572 1046.89416503906 11.9049303577008 4.88173315733551 175.8122245057 76.8055901440054 60.9000944861766 1026.99817241355 2247.19510045726
1982 13.6502990206878 1057.36315917969 12.7488051806288 5.073923182299 183.287523554937 80.5655192549815 63.7647953454609 1034.2235498363 2252.25113209523
1983 13.4805332981596 1067.93676757812 11.9000511990637 4.92657114145442 179.212251081977 78.2636835524054 61.8558839073643 1040.0162947219 2259.05046143958
1984 13.4361122977269 1078.61608886719 12.9034080996782 4.64013752713803 179.790315290507 79.1519127498072 62.0612934679153 1045.39574698478 2265.64996704083
1985 13.5007962633882 1089.40234375 12.5347142649633 4.87229039340524 181.480917612622 79.2285151415234 62.6359616515238 1051.57381474698 2272.40135416829
1986 13.4712696684213 1100.29626464844 11.2200093232388 4.70384050277029 177.923136699489 77.4824926810242 61.5347591915318 1056.61254659698 2279.65890946859
1987 13.5832203584952 1111.29931640625 11.7946778364524 4.72448759508111 178.036734846586 77.8584749041755 61.8746481987037 1061.47622646671 2286.04198699636
1988 13.6279895914805 1122.41235351562 10.4554648706992 4.80226189162594 177.773637185888 78.2648039910705 63.1850468684911 1066.60100120606 2292.40864061869
1989 13.5490127975052 1133.63635253906 11.595737477252 4.9616288270911 178.19896751566 78.3624316078449 62.1967487989081 1071.79350705074 2298.50773682083
1990 NA 1144.97277832031 NA NA NA NA NA NA NA
1991 NA 1156.42248535156 NA NA NA NA NA NA NA
1992 NA 1167.98669433594 NA NA NA NA NA NA NA
1993 NA 1179.66662597656 NA NA NA NA NA NA NA
1994 NA 1191.46325683594 NA NA NA NA NA NA NA
1995 NA 1203.3779296875 NA NA NA NA NA NA NA
1996 NA 1215.41174316406 NA NA NA NA NA NA NA
1997 NA 1227.56579589844 NA NA NA NA NA NA NA
1998 NA 1239.84155273438 NA NA NA NA NA NA NA
1999 NA 1252.23986816406 NA NA NA NA NA NA NA
