  YEAR          ST         CO2 LA_CO2_FLUX OA_CO2_FLUX         GPP         NPP      HETRES       CLIVE       CDEAD
  1850       13.34      285.04     -0.6000      0.2400    111.6400     51.9100     46.8900    434.7000    535.9100
  1851        13.3      286.17      0.3300      0.2400    114.0800     53.1700     46.9400    435.2100    536.2300
  1852       13.33      288.61      0.6500      0.7400    114.0100     53.4800     47.1000    434.9700    536.2800
  1853       13.42      291.11     -0.3300      0.8600    113.4300     52.8900     47.5800    435.0400    536.7100
  1854       13.38      293.95      0.2400      1.1900    113.7700     53.2400     46.9900    434.8200    536.7100
  1855       13.48      296.54      1.1600      1.5100    115.1500     54.1500     47.2100    435.6100    536.4300
  1856        13.4       299.2      0.5900      1.5300    115.0200     54.0200     47.3600    436.4400    536.8000
  1857       13.54      302.07      1.2300      1.7000    117.2500     55.0400     48.1200    437.2800    537.0100
  1858       13.37      304.92      2.1000      1.9100    117.3700     55.5300     47.4000    438.0000    537.5300
  1859       13.33      307.43      2.9500      1.7300    121.2500     57.7400     48.2100    439.9300    538.5000
  1860        13.6      310.93     -0.4800      2.1700    116.6800     54.8900     48.8600    440.0100    539.4900
  1861        13.8      314.66     -0.5600      2.4800    119.9200     56.1200     49.5900    439.9500    538.4200
  1862       13.49      317.06      3.4800      2.4100    122.8100     58.6700     48.6500    441.3100    538.6400
  1863       13.48      319.56      2.8800      2.3200    123.4400     58.9100     49.0400    443.1200    540.3600
  1864       13.49      322.81      2.0400      2.4800    124.1000     59.1800     50.2900    444.8600    541.1800
  1865       13.64       326.4     -0.3100      2.5800    121.3200     57.2900     50.1900    445.9300    541.6600
  1866        13.8      330.58      0.0500      3.1700    119.7700     56.7600     50.0600    445.1600    540.7800
  1867       13.78      332.91      2.8300      2.9900    124.9500     59.3700     50.0500    447.4800    540.8100
  1868       13.54      335.72      3.8700      3.1400    125.5100     60.3500     49.7100    449.1700    542.1500
  1869       13.57      338.71      4.2200      3.0500    128.4400     61.6600     50.3600    451.2000    543.8800
  1870       13.62       341.8      3.3800      3.1500    129.9200     62.2500     51.3400    453.4900    545.9400
  1871       13.73      345.84      0.9100      3.5000    126.6600     60.4900     52.0100    454.5600    546.9900
  1872       13.81      349.25      3.7900      3.5100    131.1300     62.9300     51.9000    456.6100    547.1600
  1873       13.79      352.75      1.9100      3.7000    130.8900     62.7700     52.4600    458.3300    548.0300
  1874       13.63      356.14      3.8600      3.5900    131.8700     63.6300     52.1100    460.4000    548.8200
  1875       13.73      359.15      5.2700      3.3600    135.8400     65.6800     52.8300    463.5200    550.3500
  1876       13.69      362.56      4.8800      3.4100    136.1100     65.8200     53.1200    466.4000    552.5200
  1877       13.87      366.62      2.3100      3.7900    132.4200     64.0700     53.8100    468.1100    554.2700
  1878       13.82      370.39      3.6800      3.8000    135.1600     65.2700     53.4400    470.3700    555.2300
  1879       13.75      373.91      4.6100      3.8700    137.4300     66.7800     53.7800    472.9400    556.5600
  1880       13.84       377.2      4.2800      3.7900    138.1100     67.0900     54.8100    476.1500    558.6800
  1881       14.12       382.0      1.5700      4.2400    135.8300     65.6800     55.7500    476.8500    559.5200
  1882       13.78      385.01      7.1000      4.0800    141.6800     69.6200     54.4600    480.3500    560.6800
  1883       13.92      388.27      3.9500      3.8800    141.4700     68.9500     55.5800    484.3800    563.2900
  1884       14.12      393.58     -0.5700      4.4300    135.9300     65.4600     56.1500    485.1300    563.7500
  1885       14.17      397.96      2.5600      4.4600    138.6600     67.3700     55.9600    486.3900    563.0900
  1886       13.97      401.33      4.7800      4.2000    141.4800     69.2900     55.4400    489.3800    563.5800
  1887       14.01      404.77      4.3400      4.1000    143.8600     70.3600     56.1900    492.8700    565.2000
  1888        14.1      408.85      4.1000      4.3600    143.5400     70.0800     56.3900    495.3700    566.9300
  1889       14.09      413.14      4.3600      4.3200    144.5000     71.0300     57.4200    497.5100    568.4600
  1890       14.24      417.32      3.2300      4.3400    145.5700     71.1700     57.9800    500.3000    569.6600
  1891       14.27      421.56      4.1500      4.5300    145.9500     71.7200     58.0800    503.0100    570.3000
  1892       14.24      425.57      3.3500      4.5000    147.3100     72.0100     58.5900    506.0800    571.6600
  1893       14.26      430.03      3.1100      4.6200    147.4200     72.4500     58.4800    508.4100    572.7500
  1894       14.27      434.49      5.0200      4.6600    148.8300     73.5900     58.1400    510.9000    573.2900
  1895       14.16      437.54      8.9200      4.5400    155.7300     77.1700     58.5300    515.8300    575.7400
  1896       14.25      441.88      4.6500      4.6300    152.1800     74.9100     59.7500    519.0700    579.4100
  1897       14.41      447.71     -0.2900      4.8600    146.0800     71.2900     60.1900    519.9000    580.8400
  1898       14.52      453.21     -0.1800      5.0200    145.6700     71.4100     60.1900    520.5800    580.0000
  1899       14.43      457.31      5.6800      5.0200    150.4700     74.5400     59.0200    523.1800    579.3200
  1900       14.26      459.97     10.1000      4.6000    158.6100     79.5300     59.7500    528.8500    581.9200
  1901       14.43      464.62      1.4700      4.6400    154.9700     76.3400     61.4900    532.3100    585.8000
  1902       14.55      470.91      3.9600      5.0400    154.5700     76.8600     61.6000    533.0200    585.6800
  1903        14.4      474.14     10.3700      4.6900    165.2900     82.9100     61.7200    538.7800    587.3200
  1904       14.48      478.47      3.8900      4.7100    160.9200     79.5100     62.5400    542.6400    591.8400
  1905        14.6      484.64      3.3500      5.1300    158.8100     79.0100     63.5900    543.7200    593.4300
  1906       14.77      489.79      2.2700      5.1800    158.2800     78.2000     63.7200    546.5500    593.7500
  1907       14.63      494.39      5.6100      5.0300    162.2600     81.2100     63.0800    550.2200    594.3500
  1908       14.75      499.46      1.2900      5.2000    160.2700     79.4500     64.1000    553.0300    595.7600
  1909        14.9      505.79     -0.1200      5.2700    157.3500     78.1900     64.1400    553.8000    594.6400
  1910       14.65      510.66      5.5500      5.2100    162.4700     81.5400     62.6800    556.0100    593.8600
  1911       14.56      513.68      9.6700      4.8600    169.6700     85.5200     63.1900    561.8700    596.5000
  1912       14.71      518.68      4.1500      4.9900    166.3400     83.0500     64.5000    566.0400    599.8600
  1913       14.72      524.38      6.4200      5.1000    169.6400     85.1400     65.4000    569.5300    601.1600
  1914       14.67      529.82      4.4200      5.1800    168.9900     84.5800     65.4800    573.2800    602.6900
  1915        14.9      535.34      4.3100      5.2200    168.3100     84.2000     66.0700    576.2400    604.5100
  1916       15.07      541.62      0.3400      5.4800    162.9400     80.7500     66.2800    577.2600    605.6700
  1917       14.98      547.47      3.6000      5.5300    165.6200     83.2200     65.7100    578.1000    605.8200
  1918       14.85      551.78      6.2100      5.1900    170.7700     86.2700     65.3300    582.4100    607.3600
  1919       14.96      556.72      6.8200      5.1800    173.1900     87.4900     67.1400    586.5000    609.9800
  1920        15.1      562.96      1.3400      5.5300    168.6400     84.4500     67.2800    589.3200    611.3900
  1921       15.03      569.15      5.4500      5.3900    172.6200     87.0000     66.8300    591.6800    611.3800
  1922       14.86      573.39     10.8900      5.0700    180.8400     92.1000     67.2900    597.1700    613.9800
  1923       14.99      578.81      5.2900      5.1500    178.2900     90.3200     69.3200    601.1800    618.7800
  1924       15.17      585.87      2.6500      5.4700    176.0300     88.3200     69.4200    603.5000    620.0800
  1925       15.04      591.49      6.7700      5.3800    180.1200     91.3600     68.8700    607.2000    621.7400
  1926       15.31       597.9      0.3300      5.3100    175.0800     87.6400     70.5000    609.6800    623.9100
  1927       15.28      605.48      2.7400      5.4800    176.0600     88.8900     69.3500    610.1600    622.5000
  1928       15.07      609.42      9.8400      5.2600    185.5300     94.5800     69.4800    616.1600    624.3400
  1929       15.21      614.98      5.6100      5.3000    183.1500     92.5900     70.8000    620.6800    627.8600
  1930       15.29      622.65      2.4400      5.4800    181.1400     91.8400     71.2500    622.3200    628.5300
  1931       15.32      628.53      4.4200      5.4100    182.4500     92.4300     71.2300    626.5100    629.4100
  1932       15.49      635.42      2.1700      5.5100    180.1200     91.1100     71.6500    628.6500    630.4200
  1933       15.54      642.58      2.0300      5.5400    178.9600     90.2600     70.7000    630.0400    629.7900
  1934       15.46      647.83      6.8600      5.3600    184.4200     93.8800     71.3900    634.1400    631.3700
  1935       15.52      654.11      3.1000      5.3300    183.5600     93.2000     72.0500    637.6900    633.3200
  1936       15.64      661.52      5.3400      5.5500    184.1800     93.4100     72.2000    639.1300    634.0500
  1937       15.39      666.64      7.8900      5.2400    190.3600     97.2300     71.5800    643.6300    637.7400
  1938       15.41       673.5      4.2600      5.4300    188.0900     95.9500     72.5200    646.4200    641.3700
  1939       15.67      682.56     -4.8000      5.7200    183.1300     93.0200     73.9400    645.9500    641.0500
  1940        15.7      690.71     -2.3200      5.6700    182.0500     92.0800     73.4300    644.1300    639.3400
  1941       15.74       697.4      0.4600      5.6400    180.6400     92.0900     72.4500    643.6500    638.7900
  1942       15.88      704.56     -3.8600      5.5900    178.2300     90.1600     72.5600    643.6700    637.8100
  1943       15.72      711.05      6.1500      5.4900    186.1900     95.4000     72.1400    644.6500    636.4200
  1944       15.61      715.75      9.6800      5.2200    195.4600    100.6500     72.2600    650.5000    638.6300
  1945       15.82      722.42      2.5400      5.2600    190.2200     96.7900     73.7300    654.5800    642.3400
  1946       15.85      731.16      3.5000      5.7200    188.2900     95.9900     73.9200    655.3400    642.8300
  1947       15.81      737.25      8.3800      5.3300    196.8400    101.1500     73.8500    660.1500    645.0500
  1948       15.93      745.08      1.2300      5.4600    191.9300     97.8400     76.0200    661.8300    648.4900
  1949       16.04       753.7      3.3600      5.5800    193.8700     98.9800     76.4400    663.2800    648.2300
  1950       15.86      760.08      7.7200      5.4300    199.0100    102.2300     74.8000    667.8500    649.6000
  1951       15.99      767.76      1.5700      5.5600    196.3300    100.7500     76.4700    670.4500    652.6800
  1952        16.2      776.73     -0.0900      5.5000    195.2300     99.4100     77.2300    670.8900    653.2400
  1953       16.17      785.42      4.3000      5.5900    192.9800     98.9600     76.0400    670.8800    652.3700
  1954       15.93      791.05      8.6600      5.2200    203.6000    105.4500     75.3400    676.8500    654.2100
  1955       15.97      798.12      6.8300      5.3600    203.3300    104.8600     76.7700    680.7000    658.8600
  1956       16.17      807.65     -2.7200      5.6000    195.1400     99.6800     78.4900    681.6800    661.0200
  1957       16.33      818.21     -0.5500      5.6900    194.6100    100.0300     78.3100    679.7500    658.5500
  1958       16.12       824.5      7.0500      5.4900    204.0800    105.7600     76.7700    683.8700    659.1800
  1959       16.16      832.15      2.7600      5.5400    198.9900    102.1600     77.5900    687.4700    660.9400
  1960       16.23      840.91      3.9100      5.4500    199.3700    102.9700     77.9100    689.3700    661.9600
  1961       16.33      849.82      2.4900      5.5900    198.6800    102.5800     77.9300    691.3000    662.1000
  1962       16.43      857.49      6.1600      5.5400    203.9000    105.2800     78.7300    695.3400    663.1400
  1963       16.37      865.24      8.0200      5.5100    207.3600    107.4100     78.4200    699.8100    665.7400
  1964       16.31      873.67      4.5300      5.3500    207.1500    107.5300     79.1900    703.8800    669.0600
  1965       16.41      883.96      3.1800      5.6100    204.7200    106.2300     79.4000    705.7400    669.2200
  1966       16.54      892.79      3.1400      5.6400    203.8800    105.0600     79.8300    708.1300    670.6800
  1967       16.43      901.88      4.3800      5.7000    205.7600    106.6700     78.8200    710.5200    671.1300
  1968       16.31      909.56      9.7800      5.3700    212.4800    110.5500     79.0700    715.9800    673.2000
  1969       16.41      917.41      8.7700      5.4900    215.1300    111.8200     80.9500    721.6900    678.3900
  1970        16.5      929.08     -3.0400      5.8300    203.2700    105.0400     81.5900    721.9400    680.1500
  1971       16.64      939.66     -0.6600      5.6400    206.1900    106.6600     81.6200    723.0200    678.4100
  1972        16.6      949.57      4.1000      5.6100    206.7300    107.4500     80.3200    723.6900    677.0300
  1973       16.59      957.09      8.0300      5.4500    213.4400    111.0200     80.8400    728.3600    679.2900
  1974       16.66      965.16      8.8500      5.5100    219.1500    114.4700     82.9300    733.6300    683.4300
  1975        16.6      975.65      2.7600      5.6200    215.0200    112.1300     83.1500    736.4200    686.1800
  1976        16.8      986.45      4.1500      5.5500    213.7000    111.3000     83.7000    737.9700    687.5800
  1977       16.93       997.3     -2.0400      5.4900    206.5300    106.6600     83.0000    739.7800    687.4000
  1978        17.0     1008.34      1.4000      5.5200    207.6800    107.6800     82.3400    740.2200    685.2800
  1979       16.97     1017.29      4.7300      5.4200    209.9300    108.8400     81.7100    742.8200    686.4200
  1980       16.84     1026.34      8.0500      5.5000    219.1700    114.8900     82.5800    746.1100    689.2400
  1981       16.72     1035.74      7.6100      5.3700    221.0800    115.7200     83.3200    750.5700    692.8200
  1982       16.92     1046.51      0.7100      5.4800    215.7100    112.3800     84.7700    754.0200    695.5500
  1983       17.07     1059.25      2.0600      5.5900    219.2300    113.9200     84.7500    754.6200    693.3800
  1984       16.98     1068.76      4.4300      5.5300    221.3100    115.8400     84.5600    758.0700    694.7100
  1985       17.02     1079.76      1.3000      5.6400    216.4800    112.6800     84.8700    760.1400    695.7500
  1986       17.08     1090.53      4.9000      5.4600    219.7500    115.1100     85.2100    762.6300    696.1000
  1987        17.1     1101.29      7.2100      5.4700    221.2100    116.0500     85.1800    765.3100    697.3000
  1988       17.04     1111.04      3.9900      5.4300    222.2400    116.0200     85.5600    769.4700    701.6800
  1989       17.26      1124.1     -2.7900      5.7300    216.8000    112.8700     86.6400    769.6200    701.8600
  1990       17.26     1137.16      0.7000      5.7000    219.8300    114.6400     85.3700    769.5500    698.1000
  1991       17.11     1146.11      5.9000      5.3000    225.5400    117.7400     84.8000    774.7600    699.3000
  1992       17.25     1158.06     -0.1900      5.5900    219.1500    114.6600     85.6600    776.3000    700.7200
  1993       17.26     1170.36      4.4200      5.4600    222.9500    117.0800     85.7800    776.8400    700.4200
  1994       17.44      1181.3      3.4200      5.3900    222.7700    116.3300     86.4000    779.7700    701.7400
  1995       17.47     1192.82      0.8900      5.5300    225.8400    118.1100     87.7200    782.7100    703.4700
  1996       17.43     1205.88      2.5700      5.5400    225.9400    118.5800     87.1100    782.8000    703.3000
  1997       17.47     1217.39      5.2100      5.4800    226.7900    119.0700     87.4400    785.6100    703.6600
  1998       17.46     1228.75      5.6300      5.4000    231.9900    122.0500     88.5200    789.9300    705.0100
  1999       17.58     1241.47      0.8700      5.4900    226.5900    118.5000     88.5700    792.6200    706.0000
