  YEAR          ST         CO2 LA_CO2_FLUX OA_CO2_FLUX         GPP         NPP      HETRES       CLIVE       CDEAD
  1850       13.37      284.68     -1.3700      0.1400    111.3500     51.7800     46.8000    434.7900    535.8700
  1851       13.23      284.15      2.6500     -0.1300    116.6000     54.8700     46.6800    435.4200    535.8200
  1852       13.31      283.84     -0.5600     -0.1400    115.2200     53.4600     47.7600    435.7700    537.1100
  1853       13.46      284.47     -0.8600      0.1700    112.3900     52.0800     47.5300    434.7400    536.9700
  1854       13.37      284.53     -0.9300      0.1600    111.3700     51.6700     47.1500    434.6400    536.2900
  1855       13.25       284.2      1.9900     -0.1200    114.3900     53.8200     46.7800    435.2000    536.0000
  1856       13.32      283.88      0.3100     -0.2200    115.1500     53.7300     47.5500    436.0200    536.6900
  1857        13.3      284.14     -0.5500      0.1400    113.1800     52.8000     47.6100    435.8700    536.8600
  1858       13.33      284.57     -0.4900      0.1300    113.3000     52.8200     47.2900    434.9400    536.4500
  1859        13.3      284.02      1.8900     -0.1100    116.6200     54.7300     46.8900    435.7800    536.6100
  1860       13.37       283.6      1.8600     -0.2000    117.5600     55.1400     47.9400    436.5500    537.8700
  1861       13.27      283.98     -1.1000     -0.0100    115.1300     53.2800     48.2000    436.1900    538.7400
  1862       13.23       284.2      1.1500      0.0200    115.5700     54.2500     47.5500    435.8500    538.7200
  1863       13.31      284.02     -1.0100     -0.0400    113.9600     52.7300     47.6800    436.3400    539.2500
  1864       13.35      284.82     -1.8700      0.1000    111.1800     51.7500     47.4700    434.6900    538.8000
  1865       13.26      284.46      1.4100     -0.0400    114.8900     53.8300     47.2200    434.9200    538.2500
  1866       13.32      284.18     -0.1200      0.0100    113.5100     52.7100     47.0400    434.8900    538.9400
  1867       13.43       284.6     -2.0300      0.2700    110.8000     51.2700     47.5800    433.7000    538.8500
  1868       13.44      284.71     -1.2500      0.3100    111.2500     51.3300     46.9700    433.3100    537.7300
  1869       13.31       284.5      0.5300      0.1100    112.6400     52.4800     46.4600    433.4100    537.0400
  1870       13.29      284.23     -0.5400     -0.0600    111.2500     51.7400     46.6100    433.3700    537.5700
  1871       13.38      284.39      0.9400     -0.0900    112.9700     52.8400     46.7700    432.9200    537.5600
  1872        13.2      283.83      1.1900     -0.1900    114.4800     53.2500     46.3500    433.7000    538.5500
  1873       13.21      283.72      2.1700     -0.2200    116.7200     55.0200     47.2000    433.9800    539.5600
  1874       13.23      283.65      1.0100     -0.2000    116.7100     54.7000     48.0100    434.9400    540.4300
  1875       13.45      284.16     -1.7600      0.1300    113.5000     52.3000     48.0700    434.6900    540.3900
  1876       13.51      284.92     -3.1500      0.2000    110.6400     50.8100     47.8400    433.7500    539.1300
  1877       13.28      284.66      2.2800     -0.1100    114.3900     53.8600     46.7000    433.8200    537.9400
  1878       13.24      284.01      0.5800     -0.1800    114.0000     53.2900     46.6400    434.5200    538.8800
  1879       13.37      284.09     -0.8600      0.0000    113.4600     52.6300     47.7300    434.6500    539.1900
  1880       13.47      284.62     -1.2100      0.2000    112.2400     51.8100     47.3800    433.8000    538.5400
  1881       13.35      284.37      1.5900     -0.0800    114.2400     53.5300     46.6300    434.0900    538.0500
  1882       13.46      284.01     -0.4100      0.0800    113.3200     52.1800     46.9700    434.7100    538.5800
  1883       13.64      284.49     -1.1100      0.0900    112.7300     51.8100     47.4000    433.8100    538.4200
  1884       13.44      284.39      0.6000      0.0500    114.2400     53.0600     46.9300    433.7300    538.0300
  1885       13.27      284.04      1.1700     -0.1700    115.7900     53.9500     47.2400    434.2200    538.4300
  1886       13.45      283.92     -0.2700      0.0500    114.4300     53.0700     47.7300    434.4900    539.2400
  1887       13.55      284.53     -2.1500      0.2100    111.9900     51.5000     48.1700    434.0300    538.4600
  1888       13.47      284.66      0.2400      0.2200    114.5300     53.2700     47.4700    433.9600    537.0300
  1889       13.41      284.11      0.8000     -0.0800    115.2000     53.6100     46.8400    434.5200    537.3500
  1890       13.32       283.8      2.2900     -0.1500    116.3500     54.6300     47.1800    435.0800    538.1300
  1891       13.43      283.92     -1.0500     -0.0700    113.8600     52.8500     47.8100    435.1100    539.1200
  1892        13.5      284.96     -3.4000      0.2700    110.4300     50.8100     47.5400    433.4200    538.0500
  1893       13.26      284.72      1.4300      0.0500    114.4700     53.6700     46.9300    433.4300    536.8300
  1894       13.27      283.81      1.6100      0.0000    116.4800     54.6300     47.2700    434.6300    537.6800
  1895       13.23      283.84      0.4300      0.0800    114.9100     53.6400     47.4700    435.0400    538.1500
  1896       13.23      284.13     -1.0600      0.1500    112.8200     52.5500     47.3900    434.8900    538.2600
  1897       13.24      284.53     -1.0600      0.3000    111.9100     52.2000     47.3100    433.9300    537.9500
  1898       13.27      284.19      0.8700      0.2000    114.2800     53.3500     47.0600    434.3300    537.6700
  1899       13.18      284.19      0.8900      0.0600    113.3900     52.9900     46.7000    434.0800    537.9700
  1900       13.24      283.88      0.4000      0.0100    113.9500     53.1400     46.9400    434.1700    539.1000
  1901       13.38      284.47     -2.0600      0.2200    110.9900     51.4400     47.6300    433.4600    538.8100
  1902       13.29      284.22      1.4700      0.2000    114.2300     53.4900     46.9500    434.2000    537.8700
  1903       13.23      284.02     -0.1100      0.0500    113.0400     52.4800     46.5100    434.4700    538.4000
  1904       13.18      284.14      0.8900     -0.1700    112.9800     52.6700     46.4600    434.5400    538.4400
  1905       13.03      283.92      1.2600     -0.2000    114.4200     53.6100     46.7900    434.9100    539.2200
  1906        13.3      283.87      0.5400     -0.2000    115.2900     53.5200     47.5600    435.2000    540.1100
  1907       13.34       284.4     -2.6200      0.2700    111.0000     51.2500     47.5200    433.9500    540.6400
  1908       13.32      284.72     -0.3700      0.4000    111.8000     52.1600     47.1800    432.9300    539.6600
  1909       13.22      284.61     -1.0200      0.2700    110.9100     51.3700     46.6600    432.5700    539.1700
  1910       13.11      284.16      1.7900      0.0900    115.3200     54.3900     47.0300    433.1600    538.9500
  1911       13.16      283.75      0.1000      0.1000    113.8500     52.8700     47.0600    433.6900    540.0000
  1912        13.4      284.65     -2.8300      0.3100    110.7800     51.0400     48.0000    431.9900    539.8500
  1913        13.3      284.67      0.1400      0.2000    112.1000     52.0900     46.6700    431.6100    538.7900
  1914       13.23      284.32     -0.0800     -0.0900    113.8900     53.1300     46.8600    431.9200    538.7800
  1915       13.18      283.99      2.3300     -0.1600    117.0100     55.0800     46.9700    432.5100    539.0700
  1916       13.33       283.9     -0.6900     -0.0300    114.7900     53.3100     48.0700    432.8300    539.9900
  1917       13.52      284.87     -2.3400      0.3000    110.8600     51.1600     47.4800    431.2600    539.1700
  1918       13.46      284.19      1.6200      0.1900    116.3500     54.1200     47.6500    432.4500    538.2900
  1919       13.45      284.15     -0.6500      0.0800    113.3100     52.5500     47.3800    432.5700    538.4900
  1920       13.38      284.23      0.5100      0.0900    113.6700     53.2900     47.0500    432.5300    538.3300
  1921       13.43      284.38     -2.6100      0.2900    110.7500     50.9400     47.3100    432.2200    538.3500
  1922       13.61      284.86     -0.3500      0.4600    111.3800     51.5500     46.9200    431.1100    536.9800
  1923       13.44      284.35     -0.4700      0.2500    111.7200     51.7900     46.5600    431.5700    536.6300
  1924       13.26       284.2      1.1000      0.0300    113.3800     53.0200     46.5700    431.7700    536.4800
  1925       13.24      283.92     -0.2200      0.1300    111.9200     52.2600     46.2700    432.1600    537.1800
  1926       13.34       284.6     -2.1900      0.3200    108.8200     50.1700     46.8600    431.3500    536.3100
  1927        13.3      284.79     -0.6300      0.1700    110.1400     50.9500     45.8900    430.4900    535.5200
  1928       13.16      284.26      0.5500     -0.0500    111.6500     52.0200     45.6900    430.7300    535.8200
  1929        13.1      283.93      2.7200     -0.1300    114.9700     54.1000     46.4000    431.4300    536.0700
  1930        13.2      283.37      0.4800     -0.1900    115.5400     53.8500     47.3900    432.8500    537.5000
  1931       13.34       284.3     -0.8800      0.0700    113.7000     52.8900     47.8300    432.1200    537.1800
  1932       13.25      284.28      0.0600      0.1500    112.5400     52.5200     46.8900    431.9400    537.0900
  1933       13.24      284.14      0.5000      0.0600    113.7900     52.9800     47.0800    431.9200    537.4300
  1934        13.2      284.27      0.1000      0.0600    113.0400     52.9300     47.0500    431.4500    537.6900
  1935       13.18      284.01      0.4300      0.0900    113.7800     53.1800     46.8400    431.7100    538.1500
  1936       13.18       284.0      1.6600     -0.0400    116.1600     54.4500     46.8200    431.9700    538.3100
  1937       13.15      283.61      1.3100     -0.1700    117.9400     55.1400     47.5700    432.9200    539.4400
  1938       13.39      284.08     -2.4100      0.1900    113.6400     52.4300     48.6100    432.3600    540.1300
  1939       13.53      285.09     -1.3100      0.3700    113.6800     52.8900     48.1100    430.9600    538.0800
  1940       13.39      284.39      0.3400      0.2800    113.7800     53.1100     47.0500    431.7300    537.4100
  1941       13.44      284.21     -1.1200      0.2100    112.8700     52.1500     47.6200    432.2100    537.1600
  1942       13.41      284.61     -0.6700      0.1400    112.6400     52.2600     47.3800    431.5900    536.3200
  1943       13.17       284.0      2.4200     -0.0600    116.2200     54.8000     46.8400    432.4700    536.4200
  1944       13.19      283.48      2.3800     -0.3500    118.4900     55.7400     47.5600    433.6300    537.7200
  1945       13.29      283.78     -0.1000     -0.2600    115.7900     53.7300     47.8000    433.9700    538.6200
  1946        13.2      284.26     -0.5300     -0.0700    113.7700     52.8400     47.1400    433.4300    538.7800
  1947       13.26      284.31      0.3500     -0.0800    114.4700     53.4300     47.7100    433.1300    538.9300
  1948       13.46      284.76     -3.4600      0.2200    109.7400     50.6300     47.6800    432.3400    538.4300
  1949       13.43      284.89      0.1800      0.1000    113.6900     52.9400     47.5200    431.7200    537.0100
  1950       13.22      284.07      1.7600     -0.0600    115.1400     54.0800     46.6000    432.6800    537.2200
  1951       13.29      284.14     -0.1400     -0.2100    113.2700     52.8800     47.2100    432.4300    538.0400
  1952       13.15      284.07      0.4300     -0.2300    114.1500     53.4700     47.1900    432.6100    538.5600
  1953       13.35      284.22      0.4500     -0.0500    114.7400     53.5800     47.5400    432.2400    538.9500
  1954       13.33      284.23     -0.0600     -0.0600    114.2500     53.1500     47.6200    432.6000    538.7600
  1955       13.38      284.29     -0.4900     -0.0500    113.9500     52.9500     47.6200    432.7800    538.4700
  1956       13.27      284.08      2.0200     -0.1800    116.1500     54.7200     47.2400    433.5700    538.2800
  1957       13.43      283.98     -0.1500     -0.1100    114.3400     52.8800     47.7700    433.9700    538.9100
  1958       13.38      284.45     -2.4900      0.0900    111.6300     51.5900     47.3000    433.3200    538.8100
  1959       13.51      284.67      0.4300      0.2700    113.4700     53.0000     47.8900    432.7800    537.6600
  1960       13.44      284.58     -0.5100     -0.2200    113.9900     53.1100     47.3400    433.0100    536.9500
  1961        13.3      283.78      3.7200     -0.3300    119.0500     55.9900     46.9300    434.3000    537.5600
  1962       13.35      283.55     -0.2300     -0.3000    116.0500     53.9900     47.8100    434.7800    539.6100
  1963       13.43      284.23     -0.9000     -0.0800    114.1000     53.1500     48.3500    434.1200    539.7300
  1964       13.53      284.95     -2.4700      0.1600    111.8400     51.7800     47.9600    432.9200    538.6200
  1965       13.45      284.63      0.8800      0.1200    114.2200     53.4100     47.0200    433.3700    537.4000
  1966       13.38      284.03      1.0400     -0.1000    115.3500     53.6800     47.1600    434.0400    537.9700
  1967       13.46      284.48     -2.3200      0.1000    112.0800     51.6700     47.6300    433.2400    538.0400
  1968       13.45      284.65     -0.4800      0.0800    111.2800     51.7100     46.7800    432.6400    537.3700
  1969       13.41      284.49      0.1700      0.0100    112.0500     52.0900     46.9000    432.8900    536.7500
  1970       13.46       284.4     -0.4200      0.0200    111.7700     52.0500     46.9800    432.8200    536.6000
  1971       13.41       284.4     -0.1100      0.1200    111.6600     51.9600     46.7500    433.0300    535.9600
  1972       13.38      284.22      0.1300      0.1100    112.3000     52.2500     46.6500    433.0100    536.1900
  1973       13.43      284.31      0.6200      0.0200    114.2300     53.4200     46.9900    432.8000    536.0500
  1974       13.46      283.67      1.6400     -0.1000    116.4500     54.0200     47.0000    434.3000    536.5500
  1975       13.38      283.89     -0.1100     -0.0500    113.4100     52.8200     47.2400    434.3800    537.1900
  1976       13.51      284.37     -1.8600      0.0500    110.9800     51.0800     47.1500    433.6700    537.2900
  1977        13.3      284.58      1.2600     -0.0600    114.3100     53.7400     47.1600    433.1300    536.5800
  1978       13.28      283.94      1.3500     -0.2500    114.9400     53.6900     46.5600    434.0700    537.2900
  1979       13.39      284.12     -0.9900     -0.1200    112.9100     52.5800     47.5500    434.0800    537.7700
  1980       13.39      284.34      0.4300      0.0300    114.0500     53.3200     47.3500    434.1700    537.0500
  1981       13.36      284.38     -1.5200     -0.0200    112.0600     51.9200     47.2500    434.1900    536.9300
  1982       13.52      284.71     -0.5100      0.0500    111.8900     51.9100     47.0100    433.3100    536.3300
  1983       13.57      284.68     -1.8800     -0.0100    111.5700     51.4200     47.4900    433.0800    535.8900
  1984       13.49      284.62      1.1000     -0.0100    113.3200     52.8600     46.6000    432.7500    535.2100
  1985       13.35      283.81      2.7200     -0.2700    116.5800     54.7300     46.5600    434.1200    535.8100
  1986       13.34       283.7      0.8900     -0.4500    116.5900     54.5900     47.6600    434.7300    537.0700
  1987       13.48      284.02     -0.4800     -0.3900    115.4200     53.5300     48.0400    434.6800    537.8100
  1988       13.62      284.73     -1.7500      0.2000    112.8600     52.1200     48.1800    433.3700    537.4900
  1989       13.58      284.52     -0.3900      0.1800    112.9700     52.5100     47.4300    433.3800    536.7700
  1990       13.63      284.77     -1.8900      0.1700    111.1900     51.3100     47.4200    432.5500    536.2100
  1991       13.61      284.68     -0.6800      0.2200    111.8000     52.1100     46.9900    431.8300    535.8600
  1992       13.53      284.61     -0.1200      0.0400    112.6800     52.3700     46.9600    431.4900    535.3300
  1993       13.51      284.19      0.4800     -0.0900    113.1600     52.8200     46.8300    432.1400    535.4200
  1994       13.57      284.04      0.7500      0.0600    115.0600     53.7900     47.7100    432.7000    535.3800
  1995       13.56      284.26     -0.3900      0.0500    113.8300     52.7800     47.6800    432.4300    535.5300
  1996       13.45      284.15      0.7700     -0.1600    114.3800     53.0400     46.5700    432.5700    535.7100
  1997       13.37      284.02      0.3300     -0.2600    113.9700     53.0800     47.0600    432.9800    536.2600
  1998       13.48      284.13      0.6800     -0.1100    114.9500     53.6800     47.7800    433.0200    536.4700
  1999       13.41      284.01      0.8800      0.0700    115.4600     53.9400     47.7800    433.3400    536.7300
