  YEAR          ST         CO2 LA_CO2_FLUX OA_CO2_FLUX         GPP         NPP      HETRES       CLIVE       CDEAD
  1850       13.36      285.06     -0.4400      0.2100    112.4000     52.2800     46.8500    434.7900    535.7800
  1851       13.17      285.83      2.7500      0.0900    116.6000     54.8300     46.7800    436.4600    536.0200
  1852       13.25      288.21     -0.2000      0.4500    114.8900     53.4000     47.8200    436.3800    537.3900
  1853       13.36      291.11      0.7900      0.8600    114.8800     53.8100     47.8200    436.2100    537.4300
  1854       13.33      293.86     -0.8400      1.2200    114.2400     53.4000     47.7200    436.2700    537.6400
  1855       13.23      296.49      2.9500      1.3100    118.7400     56.4700     47.7300    436.7300    537.6100
  1856       13.44      298.54      1.8900      1.4200    121.1800     56.8100     48.8300    438.9300    538.9600
  1857       13.37      302.25     -1.1100      1.8300    116.8200     54.7800     48.9200    438.3800    539.4100
  1858       13.33      305.32      1.4200      1.9300    118.2000     56.1500     48.0900    438.9100    538.7900
  1859       13.22      307.58      4.2800      1.9200    122.4500     58.5200     48.1900    440.7800    539.4700
  1860       13.47      310.29      0.7900      2.0400    121.7300     57.3000     50.0400    442.2200    541.4600
  1861       13.45      314.36      0.0100      2.3900    119.1200     56.4500     49.6600    441.4800    541.4700
  1862       13.23      316.61      4.8700      2.3000    125.2300     60.2600     48.7200    443.8500    541.9100
  1863       13.24      319.03      3.5500      2.3400    125.8800     60.2300     49.4800    446.3300    544.2900
  1864       13.54      322.84     -0.0300      2.8400    124.0300     58.6500     51.5100    446.8800    545.6900
  1865       13.49      326.72      1.4100      3.0300    124.0800     59.2400     50.5700    447.1000    545.1900
  1866       13.37      329.37      2.9300      3.0800    126.0100     60.4400     50.3500    449.1200    545.5600
  1867       13.27      331.81      5.2200      2.9000    130.1500     63.0100     50.9500    451.9500    547.3500
  1868       13.31      335.45      2.5300      3.2100    127.6500     61.5000     51.6600    453.1700    548.9800
  1869       13.23      338.36      4.8600      3.0900    132.0500     64.1700     51.8800    456.1300    550.4800
  1870        13.4      341.72      4.1300      3.3100    132.0300     64.0300     52.6300    458.8100    551.9200
  1871        13.4      344.96      4.2100      3.4200    132.7300     64.4000     52.6500    461.8200    553.6000
  1872       13.57      349.56     -0.9400      3.9300    127.3300     61.1300     53.0500    462.2700    553.9200
  1873       13.36      352.64      5.7800      3.6800    133.7200     65.5000     52.2100    464.9600    553.6000
  1874       13.39      355.66      2.3200      3.5100    132.0100     63.5800     52.9900    467.4200    555.9400
  1875       13.37      359.42      3.9700      3.9000    132.0800     64.5100     52.6500    469.2400    557.0000
  1876       13.44      363.26      2.9400      3.9100    132.7400     64.7100     53.1500    470.9900    557.9000
  1877       13.36      366.28      4.8200      3.8000    135.2600     65.9500     53.0400    474.0600    559.6600
  1878       13.34       369.8      5.8700      3.7700    138.2800     67.9400     54.0100    476.4100    562.0500
  1879       13.24      372.79      6.1000      3.7400    141.5500     69.5900     54.7200    480.0300    565.4500
  1880       13.31      376.94      4.2900      3.9100    140.6900     69.1400     55.4000    482.2000    568.3200
  1881       13.41      380.72      6.3900      3.9700    142.7900     70.7100     56.1800    485.0600    570.5600
  1882       13.58      384.97      2.7600      4.1400    140.2000     68.7500     56.6700    487.5000    572.3600
  1883       13.53      388.84      5.0600      4.3600    144.1600     71.2500     56.4100    490.2800    573.5200
  1884       13.56      392.52      4.3700      4.2400    142.9200     70.5700     56.3600    493.1400    575.6300
  1885       13.64      396.91      2.8300      4.5400    141.7500     69.9100     57.5200    495.2900    576.6400
  1886       13.67      400.86      3.8200      4.5300    144.0700     70.8700     57.7400    497.9900    577.7300
  1887       13.54       404.6      5.8600      4.5500    145.7700     72.3200     56.7700    501.0400    579.2100
  1888       13.43      408.16      5.9600      4.6100    146.8300     73.1800     57.2200    504.7200    581.3400
  1889       13.49      411.99      5.8300      4.5800    149.8700     74.6800     58.7100    508.8300    583.5500
  1890       13.46      416.41      6.7400      4.6700    149.5100     74.9800     58.7100    511.8300    585.5800
  1891       13.41      420.21      6.6000      4.5000    152.6200     76.3000     59.1600    516.4000    587.9300
  1892       13.39      424.55      5.0000      4.8400    150.9700     75.2700     58.9500    519.6700    590.7100
  1893       13.29      428.67      7.4400      4.7300    153.0000     76.8600     58.9900    523.2300    593.5800
  1894        13.3       432.5      8.6300      4.7200    157.3600     79.3300     60.4900    527.3700    597.3200
  1895       13.46      437.46      2.5600      5.1200    153.5200     76.7000     61.4200    530.0500    600.5100
  1896        13.6      442.85      0.6100      5.1500    149.5200     74.1800     61.4700    532.0700    601.3100
  1897       13.59      448.38      1.8500      5.5600    149.0700     74.7200     61.2700    532.6500    600.6300
  1898       13.47      451.79      7.7700      4.9600    156.2200     79.2100     60.3600    536.6100    601.2300
  1899       13.37      454.97      9.0600      4.7500    160.9700     81.7700     60.7600    542.1200    604.4000
  1900       13.53      459.41      5.7800      4.9500    158.8400     79.5300     62.1200    545.5100    609.0600
  1901       13.46      464.81      5.8200      5.2700    158.6200     80.7400     62.9300    548.2200    610.8200
  1902       13.55      469.22      5.9500      5.2000    158.6900     80.1800     62.7600    552.8500    612.6600
  1903       13.61      474.31      5.9500      5.2500    159.1200     80.7500     62.5800    556.3100    614.2300
  1904       13.22      477.85     11.4900      5.0200    168.2900     86.2400     62.7200    562.1000    617.5700
  1905       13.38      482.45      5.9000      5.0300    165.0700     83.8000     64.8700    566.0300    623.2400
  1906       13.51      488.77      3.0000      5.4500    161.0300     81.6400     65.2100    567.9300    625.3200
  1907       13.45      493.77      6.4200      5.4900    163.7800     83.9000     64.7100    571.2400    626.6600
  1908       13.42      498.53      5.0800      5.4500    163.7100     83.4000     64.7900    575.4200    628.5700
  1909       13.51      503.92      3.4100      5.6800    162.0100     82.5400     65.0000    578.4400    630.0300
  1910       13.52      508.92      6.7500      5.5300    166.9300     85.5900     64.8900    581.9000    631.1200
  1911       13.34      513.54      8.5700      5.4100    170.1500     87.8700     65.0300    585.5500    634.1100
  1912       13.49      517.83      5.7700      5.3500    171.2200     87.5500     66.9500    590.6700    638.4700
  1913       13.65      524.95      1.7600      5.8800    165.6100     84.7700     67.1300    591.4500    639.6400
  1914       13.47      529.89      6.8500      5.8100    169.6700     87.3400     66.2900    595.3000    640.2600
  1915       13.49      534.39      8.3100      5.6700    175.2300     90.4500     67.6200    599.8900    642.9200
  1916       13.61      539.87      3.2300      5.8100    170.5600     87.2000     68.1600    603.2300    646.1100
  1917       13.53      545.84      6.2400      5.7000    173.4700     89.5900     67.5600    604.9800    648.6700
  1918        13.4      550.63      9.0500      5.6000    176.7500     91.5000     67.4700    609.6900    651.2000
  1919       13.52      555.77      6.3100      5.6600    175.1300     90.4400     68.1100    614.3900    654.9700
  1920        13.4      561.55      8.2800      5.7700    178.0700     92.8200     68.5900    618.5700    657.7200
  1921       13.39       566.8      7.6500      5.6500    178.8300     92.8300     69.4900    623.5100    661.4800
  1922       13.52       572.8      7.6500      5.7900    179.8300     93.0600     70.0000    627.5800    664.4800
  1923       13.42       578.9      7.1200      5.7700    178.2500     93.0900     69.7000    630.6400    667.9600
  1924       13.52      583.92     10.1600      5.6900    185.3400     96.6400     70.6000    636.7400    671.2900
  1925       13.63      590.16      3.1300      5.9300    179.3600     92.8000     71.7700    640.6800    675.3200
  1926       13.68      597.84      2.6700      6.1000    175.9600     91.5200     70.8400    642.4700    675.5200
  1927       13.52      603.63      6.6100      6.0000    178.4800     93.1900     69.7500    645.9500    676.5600
  1928       13.69      609.49      3.3300      6.0100    177.1800     92.0600     70.8800    648.4800    679.4800
  1929       13.68      615.92      6.5700      6.0800    180.3000     94.2200     71.0400    651.4300    680.1700
  1930       13.55      620.83      9.2700      5.9100    184.8600     97.1100     71.3100    656.7700    683.4500
  1931       13.48      626.49      8.6700      5.8600    186.0800     97.5900     72.1500    661.9000    687.7500
  1932       13.53      633.25      6.9700      6.0100    186.3600     97.5900     72.8200    665.7400    690.9700
  1933       13.51      640.01      6.5200      6.1900    186.1400     97.8300     72.4700    669.5600    693.4000
  1934       13.64      645.99      8.2100      6.1200    188.1000     98.7200     73.6300    674.0900    697.0500
  1935       13.62      653.32      4.8800      6.1700    186.0500     97.6600     74.1800    676.3400    700.0000
  1936       13.49      659.47      5.6500      5.9800    190.0300     99.9700     73.9200    680.6100    703.3900
  1937       13.43       666.3      7.8600      6.0500    191.7900    101.3700     74.1900    683.6700    706.3600
  1938       13.55      672.64      9.5400      6.0500    194.5200    102.9500     75.1200    687.6900    709.9900
  1939       13.54      679.02      9.7200      6.1200    194.2100    102.6800     75.1600    692.1200    714.2900
  1940       13.53      685.37      5.5400      6.0300    196.2000    104.0200     76.8500    697.2600    719.5700
  1941       13.67      694.82     -0.7600      6.5200    186.8600     98.3400     76.4900    698.0100    720.1600
  1942       13.43      700.85     13.7900      6.2700    201.3100    107.7400     75.9000    703.2000    720.3900
  1943       13.39      705.87     10.3200      6.0500    198.9700    106.0600     76.9700    709.4000    727.2400
  1944        13.7       714.8     -1.8100      6.5500    190.7800    100.5900     78.0300    711.4700    730.4400
  1945       13.51      723.52      5.8200      6.4700    192.8500    102.6900     76.1400    712.7500    729.6900
  1946       13.35      728.67     12.7700      5.9100    204.8400    109.9300     76.2400    718.3000    733.8000
  1947       13.39      736.14      3.3700      6.1900    200.0400    106.7400     78.3700    722.1600    738.1700
  1948       13.54      744.54      5.0800      6.5600    200.9800    107.3500     78.9400    724.9900    739.1900
  1949       13.62      752.75      0.1800      6.5400    196.2500    104.0600     78.9100    727.3200    740.1100
  1950       13.51      760.43      7.1900      6.4100    197.9500    105.3400     77.8600    729.8100    740.4600
  1951       13.36      766.24     11.0000      6.2000    206.0900    111.0500     78.1200    736.0300    743.5200
  1952       13.47      773.15     11.0500      5.9500    206.2400    110.4000     79.3400    741.4600    748.5400
  1953        13.6       781.6      3.5000      6.4400    204.9900    109.4400     81.5700    744.8800    753.0300
  1954       13.48      790.82      3.8300      6.5400    200.0400    106.8900     79.8500    746.4900    754.5600
  1955       13.34      796.98     15.7800      6.0800    214.5300    116.3200     79.9800    753.7200    757.3100
  1956       13.51      804.77      6.5400      6.3900    209.0800    112.6300     82.0800    758.8100    762.8000
  1957       13.57      813.09      8.4400      6.5300    210.0800    112.4800     82.2200    763.7300    766.3300
  1958       13.36      821.36      9.9100      6.3400    210.0600    113.7500     80.8900    768.3900    770.0700
  1959       13.38      829.34      8.5800      6.4800    210.5600    113.6700     82.1900    773.7500    774.5600
  1960       13.63      839.17      0.8900      6.7000    202.5100    108.2600     82.7600    776.2100    777.1400
  1961       13.55      848.53      5.2200      6.7500    206.7400    111.7500     82.1300    778.2600    777.6700
  1962       13.43       855.8     10.9500      6.3400    215.0700    116.4500     81.7700    783.5500    780.1800
  1963       13.51      863.75      4.9600      6.5400    211.6400    114.2100     82.7700    787.9800    785.5800
  1964       13.63      874.19      1.7600      6.6900    209.6900    113.0000     83.9100    790.0300    786.2700
  1965       13.61      883.43      4.9400      6.7800    209.4700    112.8300     82.7600    792.6700    786.1600
  1966       13.46      890.99     10.5400      6.3600    214.6100    116.7300     82.6600    797.5800    789.0200
  1967       13.54      899.15      8.1500      6.3500    217.4700    117.7100     83.9700    803.1100    793.0400
  1968       13.57      908.75      4.8300      6.6700    211.8300    114.2800     83.8500    806.4700    796.5600
  1969       13.65      918.76      5.0700      6.5800    211.1400    114.3400     83.7600    808.8100    798.4100
  1970       13.64      927.56      8.8000      6.5900    217.6500    118.1100     84.9500    812.2800    801.2400
  1971       13.61       936.0      8.8200      6.6900    220.3400    119.6800     85.5000    817.5000    804.9600
  1972       13.66      945.87      5.3300      6.5500    216.9200    117.4300     86.0000    821.0200    808.1500
  1973        13.6      955.41      8.9300      6.5400    220.0300    119.9500     85.3900    825.2900    810.7800
  1974       13.68      964.13     10.3200      6.6700    223.6800    121.6000     86.6100    830.8300    815.1800
  1975       13.77      975.07     -2.4300      6.8800    215.1300    116.3400     87.0800    833.7000    818.3600
  1976       13.59      986.01     10.5800      6.7100    225.3300    122.8100     86.1300    835.9900    817.0200
  1977       13.39      993.44     11.6500      6.3800    228.0200    124.9500     86.2800    843.1200    822.1900
  1978       13.44     1003.47      5.7800      6.5700    224.7100    122.5500     87.6100    847.0000    828.2900
  1979       13.58     1015.52      0.6300      6.9600    218.2800    119.0700     88.0500    848.5000    829.8900
  1980       13.58     1025.97      5.2700      6.6900    223.0500    121.6000     88.1700    851.9500    830.1300
  1981       13.64     1035.88     10.7500      6.7900    228.3100    124.7500     88.1400    855.3600    831.6700
  1982       13.57     1044.82      7.8400      6.6200    231.1700    126.4100     89.1000    861.3800    836.1400
  1983       13.58      1055.1      9.9300      6.8100    230.2900    126.3500     88.9100    866.3000    840.3000
  1984       13.66     1065.83      8.6000      6.7800    232.2100    127.2200     90.0700    871.1600    844.1500
  1985       13.65     1076.47      5.5200      6.7200    230.8600    126.4700     90.4300    875.9900    848.6700
  1986       13.79     1088.59      6.1800      7.0300    231.4700    126.5900     91.5400    877.5200    851.4500
  1987       13.86      1101.2     -1.5300      7.0300    225.4800    123.0900     91.9900    877.4800    852.5000
  1988       13.62     1111.37      7.9800      6.8700    234.0600    128.7100     90.3500    880.8900    853.5400
  1989       13.63     1121.56      7.3700      6.8400    230.8900    126.8100     91.0000    885.0500    857.1900
  1990       13.65     1131.27      6.1200      6.6900    232.6100    128.0000     91.1600    889.2100    859.8900
  1991       13.71     1136.15      5.4800      6.6800    229.7900    125.8400     91.5100    892.9500    861.7300
  1992       13.76     1139.31      0.7500      6.2500    227.6100    124.5900     90.4600    894.5500    861.8200
  1993       13.67     1139.24      8.1800      5.5900    234.4300    129.0100     90.8500    898.7700    862.8400
  1994       13.73     1138.31      8.7000      5.5700    232.6900    127.6100     90.9400    904.8700    865.9100
  1995       13.76     1138.32      8.3300      5.6900    233.8100    128.3300     92.0400    909.2700    869.5400
  1996       13.73     1138.03      8.9000      5.4900    235.6000    129.6000     91.8800    914.0300    873.7100
  1997       13.77     1138.66      3.6200      5.5500    237.8300    130.6700     94.1100    918.2800    876.5400
  1998       13.81     1141.43     -1.3300      5.3900    228.7500    124.9400     92.5600    917.7900    875.6300
  1999       13.57     1139.57     11.3200      4.8800    244.9400    135.0300     92.6100    922.6500    877.6800
