  YEAR          ST         CO2 LA_CO2_FLUX OA_CO2_FLUX         GPP         NPP      HETRES       CLIVE       CDEAD
  1850       13.34       284.7     -0.7000      0.1400    112.2300     52.1600     47.0900    434.7400    535.8700
  1851       13.21      283.97      2.8200     -0.1100    116.0800     54.6800     46.7100    435.8100    536.0500
  1852       13.34       283.7     -0.4600     -0.1100    114.6600     53.0500     47.5000    436.3400    537.3900
  1853       13.44      284.62     -2.2900      0.1500    111.3500     51.4300     47.6900    434.5200    537.4500
  1854       13.49      284.76     -0.3400      0.1700    113.4600     52.7400     47.6700    434.0100    536.3400
  1855       13.41       284.2      1.7900     -0.0700    115.7500     54.1300     47.0500    434.4900    536.5000
  1856       13.42      283.93      0.5000     -0.1200    115.7300     53.9300     47.6000    434.7400    537.5200
  1857       13.39       284.1     -0.5700      0.1900    114.0600     52.9100     47.5800    434.6000    537.8300
  1858       13.44      284.46     -0.8500      0.2100    112.9500     52.3000     47.2200    433.9000    537.5500
  1859       13.38      284.04      1.8300     -0.0600    116.5600     54.4100     47.1300    434.5900    537.4900
  1860       13.48      283.95     -0.3100     -0.0800    114.1100     52.9700     47.4800    434.8300    538.2100
  1861       13.64      284.33     -0.2300     -0.0300    114.7400     53.1200     47.7400    434.7200    537.8700
  1862       13.56      284.45     -0.8400     -0.1300    112.3400     51.7900     47.0600    434.6900    537.4900
  1863       13.37      284.22      1.6900     -0.1200    116.3200     54.4400     46.8300    435.2000    537.2300
  1864       13.38      283.78      1.5900     -0.2200    116.6600     54.5500     47.6900    435.7900    538.4000
  1865       13.74      284.14     -1.6300      0.0300    116.3200     53.3500     49.0300    435.9800    538.3200
  1866       13.76      284.97     -2.8100      0.2500    112.5100     51.3800     48.4100    434.7400    536.9600
  1867       13.56      284.37      1.8300      0.1000    116.6400     54.4900     47.0200    435.6800    535.9600
  1868       13.73      284.42     -2.2400     -0.0400    112.2500     51.4300     47.7200    435.5900    535.9700
  1869       13.77      285.07     -2.9000      0.1000    110.2000     50.4900     47.4600    434.2300    534.9000
  1870       13.68      284.84      1.1700      0.1100    112.8000     52.4100     46.3100    434.0600    533.5700
  1871       13.73      284.29     -0.8900      0.0200    113.2200     51.9700     47.0300    434.4200    534.0100
  1872       13.85      284.61     -1.3100      0.0400    113.1600     52.0100     47.8000    433.7800    533.4900
  1873       13.83      285.04     -1.8200      0.2200    111.0700     50.9800     47.1400    432.9300    532.0700
  1874        13.9      284.82     -2.1800      0.0100    111.9900     51.0600     47.1200    432.9500    531.0900
  1875       13.93      285.01     -1.2500      0.1000    111.6800     51.0800     46.9000    432.1800    529.8600
  1876       13.82       284.4      2.5500     -0.0600    116.9500     54.2400     46.9300    432.7600    529.3200
  1877       13.83      284.03     -0.7200     -0.1900    114.0400     52.0100     46.9500    432.7200    530.7900
  1878       13.87      284.35     -0.2400     -0.1300    114.6300     52.8900     47.7000    432.4200    530.5000
  1879       14.06      284.92     -2.8900      0.0900    111.2500     50.5500     47.8000    431.7000    529.5000
  1880       14.08      285.57     -3.8500      0.0700    109.4200     49.5800     46.9400    429.9900    527.6300
  1881       13.92      284.89      1.1100      0.0400    114.3800     52.3600     46.2400    430.0400    526.5600
  1882       14.03      284.46     -0.5800     -0.0900    113.1700     51.5800     46.9600    430.0800    526.8900
  1883       14.12      284.67     -1.6700      0.1300    111.7000     51.1800     47.1500    429.7500    526.0500
  1884       14.23      285.22     -3.9000      0.2600    109.1800     49.3100     47.2400    428.6100    524.5600
  1885       14.24      285.43     -1.0700      0.0500    111.0400     50.6800     46.4300    427.3000    522.7200
  1886       14.03      284.39      1.6300     -0.1600    114.5100     52.7600     46.0500    428.3700    522.3800
  1887       14.22      284.09     -0.8800     -0.1400    113.9800     51.8600     47.3700    428.5100    523.4100
  1888       14.51      285.38     -4.5800      0.2400    108.1900     48.6100     47.7100    426.2500    522.0400
  1889       14.28      285.53     -1.7000      0.2300    109.1300     49.5800     45.9000    425.0400    519.8500
  1890       14.18      284.82      0.1000     -0.2100    112.0400     51.1800     45.8900    425.2800    519.1200
  1891       14.25       284.3      0.7700     -0.2100    112.9600     51.6300     46.2900    425.6700    519.4600
  1892       14.27      284.61     -2.3600     -0.1800    110.8000     50.1200     46.8400    425.1100    519.3700
  1893       14.32      284.95     -0.8500     -0.0000    112.8600     51.5100     47.0000    424.5100    517.9500
  1894       14.26      284.99     -2.0300     -0.1000    111.1500     50.4400     46.3800    423.9600    517.0800
  1895       14.32      284.89     -0.8600     -0.1400    111.9500     50.8500     46.2900    423.5400    516.3300
  1896       14.39      284.73      0.2000     -0.1800    113.3400     51.5700     46.4800    423.3500    515.6800
  1897       14.49      284.71     -2.5800     -0.0100    111.8700     50.3700     47.1000    423.0400    515.4800
  1898        14.6      285.43     -3.1000      0.1900    110.7600     49.7900     47.2100    421.3900    513.6900
  1899       14.53      285.23     -1.2900      0.1400    111.7000     50.3700     46.3700    420.4600    512.4200
  1900       14.43      284.74     -0.2000     -0.0700    113.1100     51.2000     46.1400    420.5200    511.8700
  1901        14.3      284.37      0.4900     -0.2500    113.6400     51.7100     45.9400    420.3100    512.4000
  1902       14.49      284.61     -1.4200     -0.0900    111.8500     50.6300     46.5800    419.4800    512.5500
  1903       14.62      285.24     -4.2400      0.0800    108.4100     48.5700     46.7500    418.1700    511.2500
  1904        14.6      285.93     -4.0400      0.1600    107.3500     47.9400     46.2000    415.5000    509.4100
  1905       14.58       285.3      0.5100      0.0200    112.8300     51.2000     46.1100    415.3300    507.6400
  1906       14.82       284.8     -2.4100     -0.0900    110.2200     48.9900     46.3000    415.3800    507.4200
  1907        14.9      285.32     -2.4300      0.1400    109.0500     48.9100     46.2400    414.0400    505.8100
  1908       14.67       284.9      0.3200     -0.0300    111.4600     50.5800     45.2600    414.2300    504.4300
  1909       14.49       284.3      0.2200     -0.3800    112.3400     50.9900     45.2400    414.7900    504.7800
  1910       14.69      284.82     -1.7700     -0.3100    110.1200     49.3900     46.0700    413.5200    504.7800
  1911       14.66      284.78     -0.1100     -0.1900    112.2800     50.8400     45.8900    413.0300    504.3300
  1912       14.61      284.76     -1.4400     -0.1100    110.8600     49.9300     45.7900    412.4600    504.0400
  1913       14.73      284.91     -2.9200     -0.1100    109.0600     48.7200     46.2700    411.8100    503.3700
  1914        14.9      285.66     -3.5600      0.2000    105.7000     47.0700     45.9000    409.7800    501.5400
  1915       14.83      285.29     -0.1900      0.1000    110.8300     50.0500     45.5300    409.6200    499.5100
  1916       14.78      284.53     -0.1000     -0.1800    111.9000     50.3600     45.6700    410.0700    499.4800
  1917       14.89       285.0     -2.4000     -0.0900    110.1400     49.2400     45.9800    408.8200    498.8800
  1918       14.99      285.23     -3.6000     -0.0200    108.2700     48.1700     46.3000    408.0200    497.6000
  1919       14.98      285.69     -1.0900     -0.1200    110.1500     49.6600     45.4300    406.0500    495.8200
  1920       14.74      284.28      2.4800     -0.5000    116.4900     53.0600     45.2400    407.7600    495.6800
  1921       14.94      284.19     -2.2900     -0.2100    111.3100     49.8500     46.3900    407.3700    497.0500
  1922       15.19      285.75     -4.5900      0.1700    106.5200     47.2100     46.5400    404.6700    495.0200
  1923       15.16      285.72     -2.1600      0.1400    108.0000     48.3400     45.4600    403.7200    492.5800
  1924       15.09      285.11     -0.6200     -0.0000    109.3100     49.0500     44.6900    403.5300    491.3500
  1925       15.04      284.95     -2.0700     -0.1200    107.9700     48.3300     45.0100    402.9900    490.9000
  1926       15.04      285.35     -2.8800      0.0600    105.8700     47.3000     44.9200    401.7300    489.5200
  1927       15.11      285.21     -1.7400     -0.0600    107.7400     48.1800     44.8900    401.1200    488.2100
  1928       15.17      285.01     -0.9100     -0.0400    109.3400     49.1900     45.2300    400.5600    487.2300
  1929       15.16      284.85     -0.5300     -0.1500    109.8100     49.1600     44.5700    400.2100    486.6100
  1930       15.26      284.75     -1.4600     -0.0600    109.5900     48.9400     45.3200    400.0700    486.0100
  1931       15.24      284.87     -0.7000     -0.1000    109.3900     48.9500     44.8600    399.3600    485.2700
  1932       15.33      284.65     -1.9000     -0.0500    109.8200     48.8200     45.3600    399.1400    485.1600
  1933       15.41      285.47     -4.0200      0.1300    105.2300     46.4500     45.2800    397.2300    483.7600
  1934       15.28      285.34     -0.1400     -0.0400    110.1300     49.5100     44.9000    396.5500    481.8600
  1935       15.18      284.59     -0.6300     -0.1600    109.1600     48.7800     44.4700    397.0400    481.7500
  1936       15.28      284.85     -1.4700     -0.1400    108.1900     48.2000     44.8400    396.1100    481.2400
  1937       15.44      285.06     -1.8000     -0.3300    109.3400     48.7500     45.5500    395.6800    480.0400
  1938       15.47      285.24     -2.6100     -0.1300    107.9900     47.8600     45.1200    394.9000    478.8000
  1939       15.57      285.42     -2.0300     -0.2000    107.9600     47.8100     45.1300    393.6700    477.4700
  1940       15.49      285.26     -2.0600     -0.1500    107.7600     47.7900     44.6500    393.1300    476.2700
  1941       15.52      285.87     -4.0600     -0.1700    104.8200     46.0600     44.3500    390.6800    474.8800
  1942       15.51       285.5     -1.7500     -0.2200    106.6100     47.0400     44.1200    390.0500    473.3700
  1943       15.47      285.32     -1.5200     -0.2800    107.8000     47.8200     44.2600    389.1200    472.4900
  1944        15.5      285.06     -1.5300     -0.3800    109.5700     48.7100     44.5600    388.6200    471.8700
  1945       15.59      285.32     -2.0500     -0.2900    107.5200     47.5100     44.6300    386.9400    471.4000
  1946       15.61      285.25     -1.6700     -0.3200    107.1500     47.4700     44.3100    385.9800    470.6100
  1947       15.76      285.51     -3.1000     -0.0900    106.2700     46.6900     44.8100    384.4300    469.4800
  1948       15.75      285.63     -2.5500     -0.1900    105.9500     46.5900     44.2500    383.0000    468.0600
  1949       15.84      285.37     -1.4000     -0.2700    107.0000     46.9900     43.9900    382.1700    467.0300
  1950       15.86      285.24     -1.7100     -0.1800    105.7800     46.7000     43.7700    381.4300    466.1200
  1951       15.89      285.16     -2.1400     -0.0800    107.1400     47.1800     44.5000    380.6300    465.2200
  1952        15.9      285.21     -1.9600     -0.0700    106.4100     46.7400     44.1400    379.5500    464.2600
  1953       15.97      285.37     -1.9100     -0.1600    106.6300     46.6900     44.3000    378.2600    463.1700
  1954       15.76      284.73      0.9900     -0.4700    111.1400     49.5200     44.0100    377.6800    463.5800
  1955       15.87      284.27     -0.5600     -0.5000    112.5900     50.1900     45.2200    378.1000    464.2500
  1956       16.16      285.84     -7.7200      0.1100    102.9200     44.7900     45.7400    375.0500    462.8100
  1957       16.11      286.34     -1.9800      0.1000    106.1300     46.9700     44.4500    372.7100    459.4700
  1958       16.01      285.03      0.7800     -0.3200    110.5800     49.2700     44.1400    373.4400    458.5700
  1959       16.12      285.21     -4.3100     -0.1700    104.5800     45.8400     44.6500    372.0700    458.4800
  1960       16.34      286.29     -4.5200     -0.0700    102.5900     44.5800     44.1800    368.9200    456.2300
  1961       16.14      285.39     -0.6900      0.0500    106.6500     47.3700     43.4100    368.6700    454.7500
  1962       16.21      285.08     -1.0400     -0.0100    107.4100     47.1800     43.9900    368.4000    453.6600
  1963       16.24      285.26     -3.2100     -0.2200    104.0100     45.5300     43.8000    367.3500    452.8000
  1964        16.2      285.21     -0.9700     -0.1700    106.4800     46.9900     43.5200    367.1900    450.9500
  1965       16.23      284.81     -0.6700     -0.2800    108.6700     47.9800     43.9700    367.1700    450.3400
  1966       16.24      285.03     -1.6000     -0.2700    106.7100     46.9800     44.1100    366.0900    449.9400
  1967       16.29      285.46     -4.0000     -0.2200    103.1700     44.8400     43.8000    364.7400    448.7300
  1968       16.18      285.36     -0.5400     -0.0100    105.1200     46.7900     42.7100    363.5200    447.4800
  1969       16.37       285.2     -2.3000     -0.2400    104.6800     45.9100     43.5600    362.9300    446.6400
  1970       16.46      285.35     -2.0100     -0.2300    105.2200     45.9800     43.3600    361.8900    445.4000
  1971       16.42      285.27     -2.6100     -0.1400    104.7300     45.8600     43.4900    361.1100    444.3200
  1972       16.52      286.03     -5.2900     -0.0200     98.9200     42.7000     43.1700    358.7200    442.4300
  1973       16.55      285.89     -1.8300     -0.0200    103.3000     45.2800     42.7000    357.5100    440.0100
  1974       16.49       285.4     -1.7800     -0.1400    103.2800     45.5200     42.0800    357.0100    438.8000
  1975       16.36      285.04     -0.7800     -0.2100    104.9400     46.3100     42.4700    356.5200    438.0900
  1976       16.49      284.97     -1.0900     -0.3800    105.8300     46.5100     43.1800    355.9600    437.5900
  1977       16.56      284.96     -2.4600     -0.3000    105.5600     46.0400     43.4200    355.4400    437.1200
  1978       16.63      285.73     -3.4000     -0.1500    102.8200     44.8900     43.3900    352.9500    435.9000
  1979       16.62      285.47     -1.9800     -0.3000    104.6600     45.6000     43.0700    352.2500    434.3700
  1980       16.66      285.61     -2.3900     -0.3200    103.9000     45.3700     43.4700    351.2100    432.7500
  1981       16.76      285.52     -4.0200     -0.3100    102.2600     44.3900     42.9600    350.2100    431.6300
  1982       16.85      286.24     -3.0200     -0.0100    101.5200     44.1700     42.7500    347.0700    429.8000
  1983       16.54      285.22      0.2900     -0.3500    104.5600     46.3300     41.8300    347.0000    429.0200
  1984       16.66      284.64     -0.4900     -0.4700    106.1400     46.7200     42.8600    346.9900    429.3100
  1985       16.82      285.43     -3.2400     -0.3600    102.5100     44.6300     43.3800    345.3900    428.1900
  1986       16.87      285.33     -1.9000     -0.3400    102.5400     44.8600     42.4800    344.8700    426.8300
  1987       16.92      285.26     -0.9900     -0.2400    103.3800     45.3000     42.3200    343.9900    425.8400
  1988        16.8      285.02     -1.6300     -0.1900    104.1400     45.6400     42.6400    343.3800    425.4200
  1989       16.96      285.14     -3.9800     -0.2800    101.7000     44.2400     42.7100    342.3500    424.8300
  1990       17.03      286.34     -3.6700     -0.1000     98.8200     42.9500     42.3100    339.2400    422.2800
  1991       16.82       285.4     -0.1100     -0.3200    104.1400     45.8600     41.7500    339.2300    420.9300
  1992       16.94      284.99     -1.7700     -0.3300    102.3200     44.6300     42.2600    338.4700    421.1400
  1993       17.02       285.6     -3.1900     -0.1700     99.4100     43.3900     42.0600    337.0400    419.4300
  1994       16.94      285.15     -0.7500     -0.3600    102.6700     45.2100     41.8600    337.1800    417.9400
  1995       16.96      285.24     -1.3100     -0.4100    101.9300     44.7400     41.9100    336.3600    417.0400
  1996       16.96      284.67     -0.6400     -0.4000    103.9400     45.7200     41.9700    336.5600    417.0000
  1997       17.02      285.19     -2.6900     -0.2500    100.2300     44.0700     42.2600    335.0100    416.3600
  1998       17.02      285.51     -2.3600     -0.2800     99.5100     43.4800     41.6800    333.8600    414.7500
  1999       16.98      285.33     -1.3700     -0.2500     99.9100     43.6800     41.2700    332.9900    413.8400
