  YEAR          ST         CO2 LA_CO2_FLUX OA_CO2_FLUX         GPP         NPP      HETRES       CLIVE       CDEAD
  1850       12.75      284.32     -0.0100      0.5400     95.8000     39.0600     39.0700    363.8800    620.7200
  1851       13.09      287.16     -1.6200      0.8000     94.0500     37.7700     39.3900    363.5000    620.5200
  1852       13.12      290.03     -0.3200      1.0300     95.1800     38.9400     39.2600    362.8900    619.8200
  1853       12.83      292.94      1.0400      1.2600     96.6400     39.7000     38.6600    363.7900    619.7700
  1854       12.71      295.86      1.1900      1.4200     97.4800     39.9600     38.7700    364.7300    620.0900
  1855       12.89      298.82      1.2300      1.5900    100.1100     41.0900     39.8700    365.8900    620.5500
  1856       12.87      301.81      0.7600      1.6800     99.0800     40.4800     39.7200    366.1500    620.9600
  1857       12.72      304.83      2.6700      1.7800    102.5700     42.4600     39.7800    367.9100    621.6900
  1858       13.00      307.88      1.5900      1.9700    103.6500     42.6100     41.0200    369.5100    622.5400
  1859       13.05      310.96      1.1200      1.9900    102.5400     41.9900     40.8700    370.0700    623.1300
  1860       13.00      314.07      2.1900      2.1600    104.1600     42.8900     40.7000    371.5500    623.5400
  1861       12.94      317.21      2.4700      2.1400    105.0300     43.2000     40.7300    373.4800    624.2000
  1862       12.99      320.38      2.3400      2.3200    105.5600     43.3700     41.0300    375.1600    625.1500
  1863       13.10      323.58      2.6500      2.4900    107.7500     44.4500     41.8000    377.1800    625.9200
  1864       13.34      326.82      1.9600      2.6200    107.4800     43.9200     41.9600    378.7800    626.7600
  1865       13.24      330.09      2.0900      2.7300    107.5500     44.0200     41.9300    380.4900    627.3100
  1866       13.25      333.39      2.7200      2.8400    108.9800     44.8200     42.1000    382.3400    627.9300
  1867       13.18      336.72      4.1100      2.7300    112.2300     46.6600     42.5500    385.2800    628.8200
  1868       13.32      340.09      3.1000      3.0100    112.2900     46.1200     43.0100    388.0000    629.9400
  1869       13.34      343.49      3.2000      2.9000    112.4700     46.2300     43.0200    390.1400    630.9900
  1870       13.24      346.92      3.3600      3.1100    112.6000     46.4700     43.1100    392.3800    632.3100
  1871       13.43      350.39      2.6000      3.0800    112.7800     46.2600     43.6600    394.4200    633.2600
  1872       13.52      353.90      1.9400      3.2600    111.4000     45.3400     43.4000    396.2300    633.9800
  1873       13.32      357.44      4.5300      3.3100    116.1200     48.3000     43.7700    398.9600    634.6600
  1874       13.59      361.01      4.6100      3.3300    119.5800     49.5100     44.8900    402.7700    635.9100
  1875       13.84      364.62      2.1800      3.4500    116.3300     47.3400     45.1600    404.8000    636.8800
  1876       13.48      368.27      4.7500      3.5800    118.2000     49.0700     44.3200    407.5400    638.1500
  1877       13.67      371.95      3.3600      3.6600    118.7000     48.6600     45.2900    410.8200    639.6500
  1878       13.84      375.67      3.0700      3.5400    118.8900     48.6300     45.5600    412.9800    640.1900
  1879       13.53      379.43      5.3500      3.7200    121.3100     50.4400     45.0900    416.3300    641.4000
  1880       13.60      383.22      3.9700      3.7200    121.6400     50.0100     46.0400    420.1400    642.8900
  1881       13.81      387.05      3.1600      3.8200    120.3500     49.1400     45.9800    422.5400    644.0400
  1882       13.55      390.92      4.5700      3.9000    121.8500     50.4400     45.8700    425.2800    645.2400
  1883       13.64      394.83      5.2600      3.9500    124.3000     51.6400     46.3800    429.2900    646.6800
  1884       13.71      398.78      3.3200      4.0000    122.2100     50.0500     46.7300    432.1000    648.4400
  1885       13.64      402.77      4.1600      3.9800    122.7200     50.6500     46.4900    434.5600    649.6600
  1886       13.52      406.80      6.1000      4.0400    127.4900     53.2700     47.1700    438.6300    650.9600
  1887       13.61      410.86      4.8000      4.0300    126.9100     52.4700     47.6700    442.6400    652.8400
  1888       13.86      414.97      4.2200      4.2300    126.6300     52.0300     47.8100    445.5500    654.4800
  1889       14.09      419.12      3.7100      4.1400    125.9400     51.7200     48.0100    448.1800    655.7400
  1890       13.89      423.31      5.8200      4.0700    130.1200     54.1800     48.3600    452.4400    656.9100
  1891       13.86      427.55      5.1700      4.2300    130.3400     54.0600     48.8900    456.3500    658.7300
  1892       13.99      431.82      3.8600      4.2700    129.0600     52.9700     49.1100    459.5200    660.3400
  1893       13.92      436.14      4.5500      4.3900    128.8800     53.2700     48.7200    462.6800    661.7300
  1894       13.81      440.50      7.7300      4.3700    135.1100     57.2500     49.5300    467.1300    663.3400
  1895       13.93      444.91      4.5400      4.3800    133.1200     54.8000     50.2600    471.7300    665.6200
  1896       14.00      449.36      4.8600      4.4100    133.0900     55.1300     50.2700    474.5200    667.1000
  1897       13.78      453.85      6.0800      4.3700    134.9400     56.1900     50.1100    478.7400    668.8400
  1898       13.97      458.39      5.7200      4.3300    136.5200     57.0400     51.3300    483.1100    670.8000
  1899       14.14      462.97      4.5300      4.4100    135.3800     55.9000     51.3700    486.5600    672.3400
  1900       14.13      467.60      4.9000      4.5600    136.1800     56.5000     51.6000    490.2900    673.8900
  1901       14.16      472.28      4.7400      4.5100    136.4100     56.4600     51.7300    493.8500    675.4000
  1902       14.14      477.00      5.4300      4.5500    137.8900     57.2600     51.8300    497.4800    676.7900
  1903       14.12      481.77      5.9400      4.6600    138.9100     57.9400     52.0000    501.8100    678.5400
  1904       14.25      486.59      6.3900      4.6100    141.2800     59.0600     52.6700    506.1800    680.3800
  1905       14.26      491.45      4.3900      4.5800    138.8000     57.2900     52.9000    509.8800    682.4700
  1906       14.39      496.37      5.1400      4.5900    140.5700     58.2800     53.1400    513.6400    683.9700
  1907       14.53      501.33      3.9000      4.6000    140.0200     57.6600     53.7600    516.9200    685.3900
  1908       14.62      506.35      4.6900      4.7100    140.9800     58.2500     53.5600    520.4600    686.7100
  1909       14.78      511.41      3.3900      4.6800    139.5500     57.1800     53.7900    523.4900    687.7000
  1910       14.59      516.52      6.2700      4.7400    144.1900     60.2100     53.9400    527.2700    688.6700
  1911       14.65      521.69      6.5500      4.7600    146.5700     61.2500     54.7000    532.5100    690.4700
  1912       14.94      526.91      3.5400      4.8000    143.4800     58.7800     55.2400    536.4300    692.1600
  1913       14.83      532.17      4.8700      4.7600    143.8600     59.5800     54.7100    539.1200    693.2600
  1914       14.75      537.50      5.6700      4.8900    146.3000     60.8400     55.1700    543.6800    694.5700
  1915       14.98      542.87      4.1700      4.9300    146.0600     60.1900     56.0200    547.6200    695.9100
  1916       15.02      548.30      4.5100      4.9200    145.2800     59.9900     55.4800    550.9200    696.8500
  1917       14.85      553.78      5.4600      4.9800    146.7700     61.0300     55.5700    554.8500    698.5000
  1918       14.95      559.32      5.4000      4.9400    147.9700     61.5000     56.1000    558.8600    699.8200
  1919       14.97      564.91      5.6300      4.9400    151.2000     62.8600     57.2300    563.7700    701.4000
  1920       15.03      570.56      4.8800      4.9600    149.8800     62.1000     57.2100    567.3100    702.9000
  1921       15.07      576.27      4.6000      5.0600    148.5700     61.3600     56.7700    570.7500    704.3000
  1922       14.96      582.03      4.8600      5.0200    148.8900     61.6700     56.8100    574.3200    705.6700
  1923       15.26      587.85      4.0600      5.1000    150.0800     61.7400     57.6800    578.4800    707.0200
  1924       15.29      593.73      4.8800      5.0400    150.1900     62.2300     57.3400    581.2100    708.0200
  1925       15.34      599.67      5.0600      5.1500    152.2200     63.1000     58.0400    585.7200    709.1900
  1926       15.37      605.66      3.0100      5.0800    148.9000     60.9000     57.8900    588.9100    710.5100
  1927       15.30      611.72      4.8000      5.0900    150.4200     62.5200     57.7200    591.6400    711.3700
  1928       15.26      617.84      6.1400      5.1100    155.0600     64.7900     58.6500    596.4600    712.6600
  1929       15.50      624.02      2.6100      5.1400    150.6400     61.5400     58.9300    599.8100    714.0800
  1930       15.57      630.26      3.4000      5.0800    150.6100     61.8000     58.4000    602.1400    714.6500
  1931       15.46      636.56      5.2100      5.3400    154.1700     64.1200     58.9100    605.7600    715.4300
  1932       15.44      642.92      4.3500      5.2700    154.4800     63.7700     59.4200    609.8700    716.9800
  1933       15.53      649.35      4.5600      5.2900    154.8300     64.0500     59.4900    612.9700    718.3700
  1934       15.84      655.85      2.6200      5.1200    153.8800     62.9400     60.3200    616.2300    719.1800
  1935       16.00      662.41      2.9600      5.1100    153.7800     63.1400     60.1900    618.4700    719.4800
  1936       15.82      669.03      5.0100      5.2200    156.5600     64.9400     59.9300    622.2700    720.1300
  1937       15.75      675.72      3.8800      5.3400    156.1900     64.1300     60.2500    626.1600    721.3500
  1938       16.04      682.48      3.5800      5.1200    157.6700     65.0600     61.4800    629.1600    722.1400
  1939       15.98      689.30      4.1700      5.1800    157.2500     64.9900     60.8200    632.0000    722.8500
  1940       15.95      696.20      4.1600      5.2600    159.0500     65.7500     61.6000    636.2600    723.9500
  1941       16.02      703.16      3.6500      5.1300    157.7300     64.9100     61.2500    639.1300    724.9300
  1942       15.99      710.19      3.5500      5.2400    157.1900     64.7900     61.2400    641.8500    725.7500
  1943       16.05      717.29      3.6300      5.3100    158.4600     65.3600     61.7200    645.3500    726.3800
  1944       16.11      724.46      4.1200      5.3300    161.0500     66.4300     62.3200    648.7600    727.1700
  1945       16.28      731.71      1.6700      5.4000    156.2500     63.4900     61.8200    651.0900    727.8100
  1946       16.06      739.03      3.9900      5.2800    158.2400     65.4900     61.4900    653.4200    728.3900
  1947       16.24      746.42      3.7800      5.1600    160.8400     66.2400     62.4600    657.2700    728.9800
  1948       16.44      753.88      1.7000      5.2300    158.1800     64.3900     62.6900    659.5200    729.6600
  1949       16.39      761.42      3.1900      5.4000    159.7900     65.8400     62.6500    662.1000    729.8900
  1950       16.46      769.03      3.5100      5.3700    161.4100     66.3500     62.8500    665.3000    730.3900
  1951       16.28      776.72      3.0700      5.3900    159.8400     65.6800     62.6100    667.7800    731.1100
  1952       16.49      784.49      2.9200      5.3600    161.2300     66.0200     63.1100    670.8400    731.6700
  1953       16.50      792.34      1.0900      5.3700    156.5700     63.5000     62.4100    672.3200    732.2700
  1954       16.51      800.26      4.4300      5.4000    162.9900     67.6100     63.1800    675.4000    732.3200
  1955       16.63      808.26      2.0900      5.2800    160.9600     65.6300     63.5300    678.6600    732.9700
  1956       16.66      816.34      1.8600      5.3400    159.9400     65.2100     63.3500    680.3400    733.3100
  1957       16.64      824.51      2.1000      5.4100    160.1500     65.3300     63.2400    682.5600    733.3300
  1958       16.71      832.75      2.3400      5.3800    161.4800     65.8300     63.4900    685.0900    733.5000
  1959       16.78      841.08      1.9900      5.4200    160.4500     65.5600     63.5700    686.5200    734.0100
  1960       16.65      849.49      3.5800      5.4100    163.0300     67.2500     63.6800    689.3400    734.2800
  1961       16.90      857.99      1.7300      5.5400    162.1100     65.7900     64.0600    692.2300    734.7900
  1962       16.98      866.57      2.8000      5.3400    163.8900     67.2900     64.4900    694.0400    734.9600
  1963       17.01      875.23      2.2400      5.2800    163.5300     66.5300     64.2900    696.7800    735.2400
  1964       17.01      883.98      1.5600      5.4700    161.1800     65.3500     63.7900    698.6900    735.4400
  1965       17.28      892.82      0.8600      5.3000    162.3500     65.6300     64.7700    700.5200    735.1700
  1966       17.16      901.75      2.0100      5.6200    162.6400     66.2700     64.2600    701.8300    734.9100
  1967       17.17      910.77      1.5700      5.5100    163.2900     66.2200     64.6500    704.5900    735.0000
  1968       17.49      919.88      0.4200      5.4200    161.7600     65.2100     64.7900    705.6700    734.9700
  1969       17.28      929.08      2.1800      5.4900    163.1100     66.4400     64.2600    707.6500    734.7400
  1970       17.23      938.37      2.5000      5.4700    163.9300     66.9700     64.4700    710.0200    734.9500
  1971       17.46      947.75      0.5900      5.3500    161.8700     64.9300     64.3400    711.6800    735.4400
  1972       17.54      957.23      0.5900      5.4200    161.3500     65.2400     64.6500    711.9700    735.1700
  1973       17.40      966.80      2.7200      5.4000    164.3500     67.3000     64.5800    714.3100    734.9400
  1974       17.36      976.47      2.8600      5.3800    166.9200     68.2000     65.3300    717.4000    735.0500
  1975       17.64      986.23      0.6200      5.4200    164.1100     65.9600     65.3400    718.9400    735.4300
  1976       17.97      996.09     -1.0100      5.3300    160.7600     64.2300     65.2400    718.8300    735.2900
  1977       17.63     1006.10      2.1100      5.4900    164.3100     66.9500     64.8400    720.4600    734.6100
  1978       17.67     1016.10      1.0100      5.4400    163.8200     65.9500     64.9500    722.6200    734.5600
  1979       18.00     1026.30     -0.3200      5.3400    161.8300     64.7600     65.0900    723.4700    734.3700
  1980       18.09     1036.50      0.7500      5.4000    163.7800     66.4200     65.6700    723.9700    734.0000
  1981       18.01     1046.90      1.2600      5.3600    164.2900     66.2800     65.0200    725.6400    733.2500
  1982       18.04     1057.40      2.1100      5.6500    169.6100     68.7500     66.6400    728.7000    732.8500
  1983       18.09     1067.90     -0.7300      5.4600    163.6800     65.3300     66.0600    729.1500    733.0400
  1984       18.06     1078.60      1.3600      5.4500    166.6200     67.3800     66.0200    730.4600    732.7000
  1985       18.29     1089.40      0.1600      5.3200    164.2500     65.6600     65.5000    731.4400    732.6200
  1986       18.24     1100.30     -0.2800      5.3700    162.0000     64.9600     65.2400    731.3700    732.1200
  1987       18.41     1111.30      0.0800      5.6600    163.1900     65.2600     65.1700    732.4100    731.2700
  1988       18.49     1122.40     -0.1100      5.4200    165.5400     66.1100     66.2200    733.9800    730.4800
  1989       18.66     1133.60     -0.5800      5.4500    163.3300     65.0500     65.6400    734.4200    729.5400
  1990       18.72     1145.00     -0.0800      5.3800    164.9300     65.9500     66.0300    735.3600    728.5500
  1991       18.77     1156.40     -0.3100      5.3300    163.9100     65.2900     65.6100    736.1300    727.9700
  1992       18.68     1168.00      0.8900      5.6400    165.9000     66.5300     65.6400    737.1200    727.4400
  1993       18.84     1179.70     -1.9200      5.4400    159.9900     62.6600     64.5800    737.4500    727.1200
  1994       19.06     1191.50     -2.9700      5.4900    157.4500     61.9100     64.8900    735.7700    725.9900
  1995       18.95     1203.40      0.5300      5.3600    162.2700     65.2200     64.6900    736.6800    724.9200
  1996       18.93     1215.40      0.1500      5.5700    163.6100     64.9700     64.8100    738.0700    724.0700
  1997       19.07     1227.60     -1.0700      5.7900    163.1400     64.2800     65.3500    738.6300    723.3000
  1998       19.31     1239.90     -1.7400      5.5300    161.9600     63.9100     65.6500    738.1900    722.4200
  1999       19.23     1252.30     -0.0300      5.5900    163.3000     65.1300     65.1600    738.4800    720.9900
