  YEAR          ST         CO2 LA_CO2_FLUX OA_CO2_FLUX         GPP         NPP      HETRES       CLIVE       CDEAD
  1850       12.71      284.32      0.1200      0.3600     96.0800     39.2300     39.1100    364.0200    620.7200
  1851       12.82      287.16     -0.9000      0.7500     93.5600     37.8800     38.7700    363.2400    620.7800
  1852       12.71      290.03      1.1900      0.8400     97.5200     40.3100     39.1200    363.8300    620.8500
  1853       12.87      292.94     -0.2600      1.0500     95.7500     38.8500     39.1100    364.2300    621.1800
  1854       12.79      295.86      0.9700      1.2500     97.6100     40.0400     39.0700    364.6300    621.0000
  1855       12.85      298.82      1.3000      1.5400    100.3700     41.2900     39.9900    366.1400    621.1800
  1856       12.87      301.81      0.9800      1.6600    100.2000     41.0400     40.0600    367.0200    621.5100
  1857       12.68      304.83      2.0600      1.8700    101.6000     42.0600     40.0000    368.1200    622.0900
  1858       12.79      307.88      1.0900      2.0200    100.8100     41.2200     40.1400    369.3700    622.7800
  1859       12.72      310.96      2.0400      2.0600    101.9500     41.9700     39.9300    370.4700    623.3800
  1860       12.64      314.07      2.2200      2.1500    102.6700     42.3300     40.1100    371.7000    624.2700
  1861       12.81      317.21      1.9200      2.3900    103.7200     42.5000     40.5800    373.4900    625.0000
  1862       13.01      320.38      1.6300      2.4700    104.1700     42.6300     41.0000    374.6100    625.5100
  1863       12.76      323.58      2.5000      2.5000    104.9300     43.1900     40.6900    376.3900    626.0700
  1864       12.89      326.82      3.3300      2.5400    107.9900     44.6200     41.3000    378.9200    627.0000
  1865       12.92      330.09      2.2400      2.7000    107.2400     44.0200     41.7900    380.7200    627.9200
  1866       12.91      333.39      2.8100      2.8000    108.4000     44.7500     41.9400    382.5300    628.7400
  1867       12.66      336.72      4.4200      2.9600    110.5200     46.2000     41.7800    385.2700    629.9800
  1868       12.70      340.09      2.9300      3.0000    108.9200     44.9200     41.9900    387.6000    631.5300
  1869       12.74      343.49      3.5000      3.1200    111.3100     46.0200     42.5300    389.9800    632.6700
  1870       12.74      346.92      4.1400      3.2100    113.5800     47.2600     43.1300    392.7300    633.8400
  1871       12.88      350.39      3.3400      3.3100    113.0500     46.6400     43.3000    395.2500    635.3300
  1872       12.67      353.90      4.2400      3.3300    114.3500     47.2900     43.0600    397.9000    636.5400
  1873       12.77      357.44      3.5500      3.5000    113.9700     46.9000     43.3400    400.7300    638.0800
  1874       12.86      361.01      3.1700      3.6000    113.5100     46.9200     43.7500    402.5600    639.3600
  1875       12.72      364.62      4.2100      3.7400    115.2200     47.8500     43.6400    405.5000    640.6100
  1876       12.87      368.27      3.8800      3.8200    116.2100     48.0500     44.1700    408.4900    642.0400
  1877       12.90      371.95      3.0700      3.9800    114.5700     47.1700     44.1000    410.4800    643.1900
  1878       12.56      375.67      5.1100      3.8300    117.7800     49.3800     44.2600    413.8700    644.8100
  1879       12.54      379.43      5.2400      3.8900    119.0300     49.7600     44.5200    417.2900    646.3400
  1880       12.52      383.22      5.4800      3.9300    120.7100     50.4300     44.9500    421.0000    648.4100
  1881       12.61      387.05      5.1900      3.9200    121.6400     50.8100     45.6200    424.6700    650.4800
  1882       12.91      390.92      3.9200      4.0400    120.8900     50.0200     46.0900    427.1400    652.2100
  1883       12.64      394.83      5.7100      4.0400    122.9100     51.6200     45.9100    430.9500    653.8000
  1884       12.75      398.78      5.9200      4.1800    125.7000     52.5800     46.6700    435.2300    655.7400
  1885       12.82      402.77      4.3300      4.1200    123.0300     50.9500     46.6200    438.3900    657.8000
  1886       12.80      406.80      5.1900      4.1900    124.4400     51.8700     46.6800    441.5700    659.4000
  1887       12.78      410.86      5.4500      4.2900    124.3700     52.0600     46.6100    445.1500    661.3500
  1888       12.86      414.97      5.4100      4.2500    126.0300     52.6700     47.2600    448.8700    663.2100
  1889       12.86      419.12      4.7100      4.3900    125.2400     52.1100     47.3900    452.3000    665.0600
  1890       12.82      423.31      5.4300      4.3500    126.4200     52.9000     47.4700    455.8000    666.8500
  1891       12.86      427.55      4.5100      4.4300    126.6100     52.4700     47.9600    459.5500    668.7200
  1892       12.92      431.82      5.3600      4.5400    128.1200     53.7100     48.3400    462.6600    670.3800
  1893       12.92      436.14      4.6100      4.5200    127.3800     53.0400     48.4400    466.0700    672.1700
  1894       12.79      440.50      6.3800      4.6200    131.4200     55.2500     48.8700    470.1500    673.9000
  1895       12.69      444.91      5.6500      4.7600    130.6500     54.8200     49.1700    474.2100    676.2500
  1896       12.82      449.36      5.7000      4.6800    131.6500     55.1900     49.4900    477.8200    678.3600
  1897       12.98      453.85      5.0700      4.7800    132.7000     55.4000     50.3400    481.8100    680.2600
  1898       12.81      458.39      5.9600      4.8200    132.7800     55.9000     49.9400    485.2000    682.3800
  1899       12.75      462.97      6.8800      4.8600    135.4600     57.2400     50.3600    489.8000    684.6700
  1900       12.88      467.60      6.0300      4.8800    134.8900     56.7300     50.7100    493.6300    687.1000
  1901       12.86      472.28      5.7300      4.9800    135.7200     57.0400     51.3100    497.8600    689.3100
  1902       13.08      477.00      5.0300      5.0400    135.4500     56.6800     51.6600    501.5200    691.2400
  1903       12.98      481.77      5.1900      5.0100    135.1800     56.6100     51.4200    505.1500    692.8800
  1904       12.70      486.59      7.3600      5.1000    138.6300     58.9500     51.5900    509.3200    694.9100
  1905       12.77      491.45      5.9200      5.0800    138.4100     58.3900     52.4700    513.8900    697.6600
  1906       12.73      496.37      5.3500      4.9400    137.1000     57.6400     52.2900    517.3100    699.7600
  1907       12.82      501.33      5.8500      5.1300    138.7100     58.5500     52.7000    521.5500    701.7700
  1908       12.90      506.35      4.5300      5.1000    136.6800     57.2800     52.7400    524.6400    703.7600
  1909       12.89      511.41      4.9600      5.2200    136.5100     57.2300     52.2600    528.0500    705.5900
  1910       13.00      516.52      5.5800      5.1100    138.5000     58.4900     52.9100    531.5700    707.3700
  1911       12.98      521.69      5.0400      5.2900    138.2800     58.0900     53.0600    535.4000    709.2700
  1912       12.75      526.91      5.9300      5.2000    138.8400     58.7400     52.8100    538.9400    711.1800
  1913       12.82      532.17      6.0400      5.1800    141.0500     59.8000     53.7700    542.9600    713.4500
  1914       12.80      537.50      5.9800      5.4600    141.3900     59.8300     53.8500    546.7800    715.6400
  1915       12.77      542.87      5.5900      5.4000    141.4700     59.8500     54.2600    550.8700    718.1100
  1916       13.16      548.30      3.4900      5.3900    139.2300     58.1300     54.6400    553.5800    720.0200
  1917       13.23      553.78      5.1800      5.4200    142.3300     60.2200     55.0400    556.9500    720.9600
  1918       12.82      559.32      6.8400      5.6600    144.6300     61.5600     54.7200    561.4700    722.9000
  1919       12.80      564.91      5.9300      5.5700    144.6100     61.3800     55.4500    565.6000    725.6400
  1920       12.95      570.56      4.2300      5.4900    141.9700     59.5800     55.3500    568.6000    727.9300
  1921       12.87      576.27      5.3100      5.5300    142.2300     60.2200     54.9100    571.5700    729.7500
  1922       12.81      582.03      5.6000      5.6000    144.4800     61.3300     55.7300    575.4600    731.6900
  1923       13.14      587.85      3.9700      5.5000    143.8700     60.2800     56.3100    578.7500    733.6000
  1924       13.04      593.73      4.5800      5.6100    143.7000     60.7100     56.1300    581.2500    734.7900
  1925       12.82      599.67      5.9900      5.6500    146.4900     62.2800     56.2900    585.3300    736.8300
  1926       12.88      605.66      5.3200      5.5900    146.5700     62.1700     56.8600    589.3300    738.7200
  1927       12.81      611.72      4.6100      5.5800    144.4500     61.3300     56.7200    592.2700    741.0500
  1928       12.75      617.84      4.3700      5.7800    143.3000     60.5800     56.2200    594.9400    743.0400
  1929       12.87      624.02      5.2000      5.7700    146.5400     62.2300     57.0400    598.4300    744.7900
  1930       13.02      630.26      4.2900      5.8500    147.1700     62.2600     57.9700    601.4200    746.5500
  1931       12.79      636.56      4.8400      5.6700    147.1100     62.2500     57.4100    604.6100    748.1700
  1932       12.71      642.92      4.6700      5.8700    145.4600     61.9000     57.2400    607.1600    750.5000
  1933       12.87      649.35      4.9400      5.7300    147.9800     62.9700     58.0300    610.4700    752.2800
  1934       12.82      655.85      5.6100      5.8500    149.6700     63.7900     58.1800    613.9800    754.3100
  1935       12.86      662.41      4.0500      5.8800    148.0300     62.7300     58.6900    617.1400    756.3800
  1936       12.93      669.03      3.3300      5.7800    145.3800     61.3000     57.9700    618.9200    758.1500
  1937       12.91      675.72      4.2200      5.8100    146.8000     62.2500     58.0300    621.7500    759.7500
  1938       12.92      682.48      3.9500      5.8200    147.7100     62.5700     58.6200    624.5700    761.2400
  1939       12.82      689.30      4.4400      5.7900    148.5100     63.3700     58.9300    627.3600    762.7200
  1940       12.95      696.20      4.2100      5.7900    149.1600     63.3400     59.1300    630.4200    764.3200
  1941       13.11      703.16      2.5400      5.9400    146.7300     61.8000     59.2500    632.4800    765.9300
  1942       12.92      710.19      3.6200      5.9000    147.8200     62.7900     59.1600    634.6500    767.0900
  1943       12.80      717.29      4.6500      5.8400    149.5000     63.9500     59.3000    637.5500    768.7000
  1944       12.96      724.46      3.5900      5.9300    149.6800     63.4700     59.8900    640.2100    770.0100
  1945       12.84      731.71      4.1300      6.1400    149.8100     63.8300     59.6900    642.9200    771.4600
  1946       12.93      739.03      3.1200      5.9800    148.3400     62.7500     59.6400    645.2500    773.0800
  1947       12.75      746.42      3.6900      6.0400    147.7000     62.9300     59.2400    647.2200    774.5600
  1948       12.85      753.88      3.7000      5.9900    149.0100     63.3400     59.6400    649.7300    776.2900
  1949       13.19      761.42      2.6200      5.9300    149.3100     63.2100     60.5900    652.0000    777.5400
  1950       13.06      769.03      3.8900      6.0600    150.0500     64.1100     60.2200    654.0200    778.5200
  1951       13.04      776.72      3.6100      6.0200    151.6200     64.5300     60.9200    657.0200    780.0400
  1952       13.15      784.49      2.1700      6.1700    149.0000     62.8900     60.7200    658.8800    781.3600
  1953       13.01      792.34      2.8300      6.1200    148.3700     62.9800     60.1500    660.0500    782.4300
  1954       12.85      800.26      3.3500      6.0300    149.3600     63.7300     60.3800    662.2200    783.8300
  1955       13.10      808.26      1.6800      5.9600    149.1200     62.9300     61.2500    664.2500    785.0400
  1956       12.81      816.34      3.7700      6.1600    149.5300     63.8800     60.1000    665.7700    785.9600
  1957       12.83      824.51      2.9700      6.1800    149.5700     63.6000     60.6300    668.1600    787.4700
  1958       13.06      832.75      1.9800      6.1800    150.0400     63.5800     61.6000    669.8600    788.4700
  1959       13.00      841.08      2.4500      6.3000    149.9600     63.7600     61.3100    671.4600    789.3100
  1960       12.96      849.49      2.6800      6.1800    150.6800     64.1100     61.4300    673.3900    790.3600
  1961       13.14      857.99      1.2800      6.1400    149.3500     63.2600     61.9800    674.4800    791.3200
  1962       12.83      866.57      2.3700      6.0900    149.4300     63.5200     61.1500    675.8500    792.0800
  1963       12.89      875.23      2.4000      6.1900    149.6700     63.6700     61.2700    677.4600    792.9800
  1964       13.02      883.98      1.7800      6.2600    149.9100     63.5500     61.7700    679.0000    793.8700
  1965       12.88      892.82      1.8900      6.1700    149.4600     63.4200     61.5300    680.1500    794.6400
  1966       12.93      901.75      2.5700      6.0100    151.4900     64.5500     61.9800    682.1300    795.5500
  1967       12.89      910.77      2.3200      6.2900    152.0100     64.7700     62.4500    683.7400    796.3000
  1968       12.73      919.88      1.5900      6.4300    149.2700     63.3700     61.7800    684.8700    797.4200
  1969       12.86      929.08      1.8900      6.2800    150.7100     64.1100     62.2200    686.1900    798.4400
  1970       12.79      938.37      1.2600      6.5000    147.5700     62.4600     61.2000    686.6500    799.2400
  1971       12.64      947.75      2.9300      6.5100    150.8100     64.7400     61.8100    688.0700    800.3300
  1972       12.92      957.23      0.9300      6.5100    148.6600     62.9900     62.0600    689.3200    801.4600
  1973       12.77      966.80      1.4000      6.6700    147.5700     62.6700     61.2700    689.8000    802.0500
  1974       12.86      976.47      2.4000      6.5400    151.1700     64.6900     62.2900    691.0900    803.0900
  1975       13.04      986.23      0.1300      6.4400    147.8300     62.2900     62.1600    691.8000    803.9400
  1976       13.04      996.09      1.3500      6.3600    150.0200     63.6900     62.3400    692.4800    804.1700
  1977       12.85     1006.10      1.7500      6.4400    149.1500     63.5400     61.7900    693.6100    804.8300
  1978       12.97     1016.10      1.7700      6.4100    151.2300     64.5800     62.8100    694.8800    805.6800
  1979       13.11     1026.30      0.8900      6.4100    150.9100     64.0200     63.1300    695.7700    806.3700
  1980       12.96     1036.50      0.2000      6.4700    148.1000     62.6200     62.4200    696.0400    806.8600
  1981       12.77     1046.90      1.2200      6.5700    148.7000     63.2200     62.0100    696.5700    807.3500
  1982       12.82     1057.40      1.4600      6.7000    149.5900     63.6700     62.2000    697.3700    808.3700
  1983       13.11     1067.90      1.1300      6.5100    152.6900     65.0800     63.9600    698.1100    809.0500
  1984       13.04     1078.60     -0.6300      6.5900    145.6400     61.4100     62.0400    697.5000    809.5100
  1985       12.97     1089.40      0.9800      6.4700    149.9300     64.0300     63.0500    698.4000    809.6400
  1986       13.04     1100.30      0.1100      6.4000    148.5200     62.9000     62.7900    698.6800    809.8800
  1987       13.01     1111.30     -0.1500      6.3400    147.4600     62.5000     62.6400    698.6100    810.1800
  1988       12.96     1122.40     -0.3000      6.4900    145.5000     61.6000     61.9000    698.2000    810.2800
  1989       13.01     1133.60      0.5400      6.3500    149.6700     63.6100     63.0700    699.0900    810.3700
  1990       12.95     1145.00     -0.4500      6.4700    147.2100     62.3400     62.7900    699.1000    810.6800
  1991       12.86     1156.40      0.2700      6.5500    147.2900     62.5900     62.3200    698.8200    810.8700
  1992       12.84     1168.00     -0.3500      6.6400    146.3200     61.9300     62.2800    698.9300    811.3000
  1993       12.94     1179.70      0.1000      6.6200    148.0200     62.8400     62.7400    698.8100    811.4300
  1994       12.92     1191.50     -1.0300      6.7000    144.9400     61.2300     62.2600    698.2600    811.4700
  1995       12.71     1203.40      0.0600      6.7400    145.6300     61.9900     61.9300    697.8700    811.7400
  1996       12.85     1215.40     -0.7300      7.0800    145.3900     61.5500     62.2800    697.7000    811.9900
  1997       12.80     1227.60     -0.5200      6.7700    144.5700     61.5000     62.0200    696.8700    811.8500
  1998       12.67     1239.90      0.1500      6.4100    145.8200     62.3100     62.1600    697.0400    812.2400
  1999       12.70     1252.30     -0.7600      6.6000    143.5200     60.8000     61.5700    696.2700    812.9700
