  YEAR          ST         CO2 LA_CO2_FLUX OA_CO2_FLUX         GPP         NPP      HETRES       CLIVE       CDEAD
  1850       12.75      284.32     -0.0100      0.5400     95.8000     39.0600     39.0700    363.8800    620.7200
  1851       12.82      284.32     -1.1600      0.3000     93.6300     37.8200     38.9700    363.2400    620.6300
  1852       12.85      284.32     -0.8600      0.4000     93.4000     38.0500     38.9100    362.6600    620.5500
  1853       13.04      284.32     -1.0100      0.2600     93.9200     38.1300     39.1400    362.5300    619.9500
  1854       13.03      284.32     -1.3200      0.2800     92.0300     37.0900     38.4100    361.6500    619.6100
  1855       12.73      284.32      0.9000      0.2300     95.2900     39.2900     38.3900    361.9000    619.4300
  1856       12.90      284.32      0.9400      0.4200     97.4700     40.0700     39.1300    363.0700    619.8600
  1857       13.16      284.32     -2.1500      0.3700     93.2900     37.2500     39.3900    362.4000    619.9000
  1858       12.74      284.32      1.0300      0.3300     96.5600     39.8900     38.8600    362.2000    619.3900
  1859       12.77      284.32      0.3200      0.4900     96.5400     39.6500     39.3300    362.9300    619.9100
  1860       12.89      284.32     -1.1300      0.4900     94.2900     38.0100     39.1400    362.5500    619.9200
  1861       12.75      284.32     -0.5100      0.3200     93.8000     38.1300     38.6400    361.9500    619.6800
  1862       12.58      284.32      0.8300      0.3300     95.5400     39.2900     38.4600    362.4400    619.8500
  1863       12.83      284.32     -0.1600      0.2600     96.3800     39.2500     39.4000    362.9600    620.0500
  1864       12.80      284.32      0.2600      0.1400     96.3300     39.4200     39.1600    362.8500    619.9500
  1865       12.76      284.32      0.0100      0.2700     95.4700     39.0100     38.9900    363.0700    620.1500
  1866       12.84      284.32     -0.4900      0.1500     95.1700     38.5900     39.0800    363.2600    620.0300
  1867       13.01      284.32     -1.0400      0.4800     94.0300     38.1300     39.1700    362.7900    620.0100
  1868       13.00      284.32     -0.9200      0.3500     93.8700     38.1800     39.1000    362.1000    619.6200
  1869       12.89      284.32      0.5100      0.3900     95.8700     39.3600     38.8500    362.4600    619.5400
  1870       13.01      284.32     -0.1900      0.5400     96.1000     39.0500     39.2400    363.0300    619.6100
  1871       12.94      284.32     -1.1700      0.3300     93.5700     37.7700     38.9400    362.3400    619.5300
  1872       12.78      284.32      1.0700      0.2700     96.4000     39.8800     38.8000    362.4600    619.4100
  1873       12.95      284.32      1.0500      0.3300     98.5100     40.5000     39.4500    363.7500    619.7600
  1874       13.18      284.32     -1.5600      0.4000     95.0200     38.0400     39.6100    363.5700    619.8400
  1875       13.06      284.32     -0.6600      0.3100     94.3400     38.2900     38.9500    362.5800    619.5000
  1876       12.97      284.32      0.6100      0.4500     96.5100     39.6400     39.0300    363.1300    619.5500
  1877       12.91      284.32     -0.8000      0.4000     94.0600     37.9900     38.7900    362.8600    619.6400
  1878       12.69      284.32      0.2700      0.4300     95.2800     39.0300     38.7600    362.8900    619.7200
  1879       12.86      284.32      0.1900      0.4800     96.9400     39.7300     39.5500    363.5300    619.8700
  1880       12.79      284.32     -0.6300      0.3000     94.7000     38.3800     39.0100    362.9900    619.8400
  1881       12.64      284.32     -0.1300      0.3800     94.4900     38.5500     38.6800    362.7400    619.9700
  1882       12.62      284.32      0.1400      0.2700     94.8400     38.7400     38.6000    362.9100    620.2100
  1883       12.71      284.32     -0.0300      0.2800     94.7200     38.7500     38.7700    362.6300    620.3800
  1884       12.68      284.32      0.4900      0.2600     96.0400     39.4100     38.9200    363.2700    620.3700
  1885       12.75      284.32      0.3900      0.2700     96.7400     39.5900     39.2000    363.8000    620.5400
  1886       12.78      284.32     -0.0900      0.3200     96.1100     39.0800     39.1700    364.0600    620.7300
  1887       13.06      284.32     -0.8200      0.3500     95.7500     38.8300     39.6500    363.8100    620.6400
  1888       12.99      284.32     -1.1600      0.3500     93.3800     37.9700     39.1200    362.8200    620.4000
  1889       12.73      284.32      0.9100      0.1800     96.2800     39.6800     38.7800    363.3300    620.2300
  1890       12.70      284.32      0.2600      0.2000     96.4200     39.3000     39.0400    364.2600    620.5500
  1891       12.68      284.32      0.1200      0.4000     96.7000     39.5200     39.4100    364.2800    620.7700
  1892       12.87      284.32     -1.2200      0.4000     93.7700     38.0400     39.2600    363.4000    621.0300
  1893       12.90      284.32     -0.7700      0.3500     94.5500     38.4100     39.1800    363.1600    620.5000
  1894       12.64      284.32      1.0000      0.3300     96.7000     39.9400     38.9400    363.4100    620.4800
  1895       12.72      284.32     -0.0300      0.3300     96.4100     39.3100     39.3400    364.0600    620.7800
  1896       12.80      284.32     -1.2600      0.4000     94.1500     37.9400     39.2000    363.6000    620.9400
  1897       12.74      284.32     -0.8200      0.3200     92.5800     37.5800     38.4100    362.4500    620.7500
  1898       12.60      284.32      0.7500      0.1400     96.1200     39.6700     38.9100    362.9600    620.6400
  1899       12.55      284.32      0.7600      0.2900     97.4600     40.0600     39.3000    363.8200    620.7000
  1900       12.58      284.32     -0.0800      0.2800     95.4100     38.9000     38.9800    363.9200    620.9900
  1901       12.50      284.32     -0.4200      0.2000     94.0000     38.2100     38.6300    363.7800    621.3400
  1902       12.86      284.32     -1.0300      0.2400     93.8300     37.9600     38.9900    363.4100    621.2100
  1903       12.63      284.32      0.1100      0.2500     94.5600     38.7500     38.6400    363.2300    620.7600
  1904       12.79      284.32     -0.7100      0.4300     93.7500     38.0200     38.7300    363.3600    620.6700
  1905       12.71      284.32     -0.7000      0.3600     93.6400     37.8900     38.5900    363.1900    620.3800
  1906       12.50      284.32      0.7700      0.2800     95.4500     39.3800     38.6000    363.3300    620.3400
  1907       12.65      284.32      0.0300      0.3400     95.8000     39.0900     39.0600    364.1200    620.4800
  1908       12.78      284.32     -1.0400      0.4300     93.9900     38.0400     39.0900    363.6300    620.4700
  1909       12.66      284.32     -0.6400      0.3600     93.7500     38.2100     38.8600    363.1500    620.2000
  1910       12.54      284.32     -0.2300      0.5100     93.3000     38.1800     38.4000    362.9300    620.1200
  1911       12.43      284.32      0.5100      0.3700     95.1200     39.0500     38.5400    363.5200    620.1200
  1912       12.62      284.32     -1.4100      0.3600     92.7600     37.2800     38.6900    363.1900    620.2600
  1913       12.61      284.32     -0.2200      0.3300     93.6500     38.3700     38.5900    362.5300    619.9600
  1914       12.56      284.32      0.2000      0.3600     94.3400     38.7500     38.5500    362.7000    620.0200
  1915       12.52      284.32      0.5900      0.3200     95.3900     39.0900     38.4900    363.3200    620.1300
  1916       12.41      284.32      0.2400      0.3800     95.2600     38.9200     38.6800    363.7400    620.4800
  1917       12.61      284.32     -0.3200      0.3500     95.4700     38.8200     39.1400    363.9000    620.7900
  1918       12.81      284.32     -1.2900      0.3000     93.3600     37.7400     39.0300    362.9500    620.6600
  1919       12.61      284.32     -0.9300      0.2400     91.7700     37.2400     38.1700    362.1600    620.4200
  1920       12.41      284.32      1.5500      0.1300     96.7100     40.1600     38.6100    363.1300    620.2700
  1921       12.62      284.32     -0.1900      0.2600     95.9400     39.0100     39.2000    363.7000    620.5700
  1922       12.56      284.32     -0.2500      0.3100     94.7100     38.5800     38.8200    363.3800    620.7500
  1923       12.71      284.32     -0.4900      0.3400     94.6200     38.6900     39.1900    363.0900    620.7300
  1924       12.61      284.32     -0.4300      0.2100     94.1900     38.3200     38.7500    363.1800    620.4700
  1925       12.57      284.32     -0.6000      0.2700     92.9700     37.7300     38.3400    362.8900    620.3200
  1926       12.71      284.32     -0.3900      0.4100     94.4600     38.5200     38.9100    363.0200    620.2400
  1927       12.84      284.32     -0.9600      0.3700     93.5500     37.8600     38.8200    362.6500    620.0200
  1928       12.62      284.32     -0.1100      0.4400     93.6700     38.3000     38.4100    362.3000    620.0400
  1929       12.60      284.32     -0.1000      0.2700     94.6400     38.5700     38.6700    362.5700    619.9000
  1930       12.57      284.32     -0.9300      0.2700     91.6700     37.1500     38.0800    361.8300    620.0800
  1931       12.62      284.32      0.6700      0.2400     95.8000     39.4500     38.7900    362.3100    619.8200
  1932       12.65      284.32     -0.3300      0.2200     94.9500     38.6800     39.0200    362.6300    619.9700
  1933       12.63      284.32     -0.5400      0.2700     93.3600     38.0200     38.5600    362.2000    620.0100
  1934       12.84      284.32     -0.1300      0.3500     95.1600     38.9600     39.0900    362.2600    619.8100
  1935       12.65      284.32     -0.7500      0.2500     92.9600     37.6500     38.4000    362.0900    619.7700
  1936       12.60      284.32     -0.0000      0.2400     94.5900     38.6200     38.6200    362.2000    619.7000
  1937       12.77      284.32     -0.6800      0.2400     93.7000     37.9900     38.6700    362.0600    619.5500
  1938       12.87      284.32     -0.1500      0.2100     94.5400     38.5700     38.7300    362.2000    619.3100
  1939       12.84      284.32     -0.0200      0.4000     95.5400     39.1000     39.1200    362.3300    619.0100
  1940       12.76      284.32     -0.5400      0.4500     94.4300     38.4700     39.0000    362.1100    619.0300
  1941       12.68      284.32     -0.2900      0.4100     94.1600     38.3200     38.6100    362.2100    619.0200
  1942       12.60      284.32      0.6100      0.2000     96.1300     39.5300     38.9200    362.6100    619.0100
  1943       12.59      284.32      0.0700      0.2200     95.3100     38.9800     38.9100    362.8400    619.4200
  1944       12.72      284.32     -0.9600      0.3500     93.5800     37.8500     38.8000    362.5200    619.3700
  1945       12.82      284.32     -0.6200      0.3000     93.7000     38.0800     38.7000    362.0100    619.1600
  1946       12.73      284.32     -0.1100      0.2800     94.3000     38.4900     38.6000    361.9900    619.0700
  1947       12.62      284.32      0.6200      0.2600     95.3600     39.1200     38.5100    362.2900    619.0500
  1948       12.70      284.32      0.3100      0.2900     96.5700     39.4700     39.1600    363.1000    619.2100
  1949       12.88      284.32     -1.1900      0.2900     93.8600     37.8800     39.0700    362.7100    619.3400
  1950       12.65      284.32      0.3700      0.2100     94.8500     38.9300     38.5600    362.4900    619.1800
  1951       12.62      284.32      0.4600      0.3300     95.6500     39.1400     38.6800    363.2700    619.4300
  1952       12.97      284.32     -1.3400      0.3000     94.4200     38.0100     39.3400    362.8500    619.4200
  1953       12.80      284.32     -0.0100      0.3600     94.8800     38.7800     38.8000    362.4200    619.0200
  1954       12.68      284.32     -0.0300      0.4000     94.3100     38.5200     38.5500    362.4900    619.3900
  1955       12.95      284.32     -1.9000      0.3300     91.8900     36.8600     38.7500    361.8600    619.1900
  1956       12.73      284.32     -0.0800      0.4200     93.4600     38.3400     38.4200    361.3300    618.5800
  1957       12.56      284.32      0.5800      0.1800     95.3300     39.2000     38.6300    361.9700    618.6600
  1958       12.71      284.32     -1.0300      0.2800     93.1400     37.6000     38.6300    361.9900    618.8400
  1959       12.76      284.32     -0.5100      0.3000     93.6000     38.1100     38.6200    361.4900    618.5500
  1960       12.78      284.32     -0.5600      0.2400     93.3800     38.0300     38.5900    361.1000    618.3400
  1961       12.48      284.32      0.8800      0.2100     94.9600     39.1000     38.2200    361.6400    618.4800
  1962       12.52      284.32      0.5500      0.4000     95.5200     39.1900     38.6400    362.2100    618.9300
  1963       12.66      284.32     -0.3800      0.3200     94.8200     38.6200     39.0000    362.1400    618.9400
  1964       12.66      284.32     -0.1000      0.4000     94.9100     38.7600     38.8600    362.2000    618.9500
  1965       12.70      284.32     -0.2000      0.4100     94.9100     38.6800     38.8800    362.5100    618.9600
  1966       12.67      284.32      0.0300      0.5300     95.1600     38.8900     38.8500    362.5200    619.0300
  1967       12.79      284.32     -0.9300      0.5800     93.8700     37.9800     38.9100    362.1800    618.9600
  1968       12.89      284.32     -0.3300      0.4400     94.7300     38.6200     38.9500    361.9300    618.7400
  1969       12.78      284.32     -0.6400      0.4300     93.1600     37.8600     38.5000    361.6300    618.7600
  1970       12.65      284.32      0.4800      0.3200     95.1200     38.9100     38.4300    362.1300    618.3900
  1971       12.62      284.32      0.0800      0.3200     95.2900     38.8000     38.7200    362.5400    618.6900
  1972       12.70      284.32      0.6300      0.3900     95.9300     39.5400     38.9100    362.5300    619.0500
  1973       12.83      284.32     -1.3500      0.3400     93.4700     37.6100     38.9700    362.3400    619.1600
  1974       12.84      284.32     -1.0700      0.2400     92.8700     37.6100     38.6900    361.6100    618.8400
  1975       12.60      284.32      0.8200      0.2000     94.8400     39.1000     38.2800    361.8300    618.6900
  1976       12.58      284.32     -0.1800      0.2500     94.7000     38.6200     38.7900    362.2700    618.9100
  1977       12.74      284.32     -0.6400      0.3000     94.5500     38.4000     39.0400    362.3500    618.7900
  1978       12.87      284.32     -1.1000      0.2800     92.8200     37.6100     38.7200    361.3500    618.5600
  1979       12.64      284.32     -0.0600      0.4100     93.8400     38.3500     38.4100    361.3500    618.5100
  1980       12.89      284.32     -0.9500      0.4600     93.2600     37.7700     38.7200    361.1800    618.4300
  1981       12.64      284.32     -0.4100      0.3500     93.2700     38.0500     38.4600    360.8000    618.0900
  1982       12.48      284.32      1.4400      0.2500     96.5200     39.9100     38.4700    361.6200    618.2900
  1983       12.57      284.32      1.0100      0.4000     97.7800     40.3200     39.3100    362.6600    618.7300
  1984       12.62      284.32     -0.8500      0.1900     94.2200     38.0900     38.9400    362.4500    619.0300
  1985       12.50      284.32      0.4800      0.1300     95.6400     39.1800     38.7000    362.3600    619.0800
  1986       12.61      284.32      0.2100      0.2600     96.2800     39.4800     39.2700    362.7000    619.4400
  1987       12.77      284.32     -0.8600      0.2600     94.1700     38.1100     38.9700    362.4400    619.3200
  1988       12.64      284.32     -0.3600      0.3500     94.0900     38.3500     38.7100    362.1900    619.2700
  1989       12.70      284.32     -0.0400      0.3900     95.2100     38.9400     38.9900    362.3800    619.4300
  1990       12.89      284.32     -1.5200      0.2900     93.2400     37.6200     39.1300    361.5700    619.1300
  1991       12.79      284.32     -0.7900      0.2300     93.0200     37.8700     38.6600    361.0800    618.7600
  1992       12.71      284.32      0.2200      0.2700     94.3800     38.7100     38.4800    361.2800    618.4800
  1993       12.50      284.32      0.3800      0.1900     94.8100     38.9000     38.5300    361.5300    618.7900
  1994       12.62      284.32      0.0000      0.4000     95.6200     39.0100     39.0100    361.9800    618.9700
  1995       12.67      284.32     -0.4700      0.4100     93.5000     37.9500     38.4200    361.4300    619.0700
  1996       12.84      284.32     -0.9700      0.4500     94.4500     38.2800     39.2500    361.4100    618.9800
  1997       13.00      284.32     -1.1900      0.3100     93.7400     37.9900     39.1700    360.7400    618.3400
  1998       12.75      284.32      0.5200      0.3300     95.5200     39.3700     38.8500    360.8600    618.1100
  1999       12.57      284.32      0.9800      0.2800     97.3500     40.0700     39.0900    362.0800    618.2800
