  YEAR          ST         CO2 LA_CO2_FLUX OA_CO2_FLUX         GPP         NPP      HETRES       CLIVE       CDEAD
  1850       12.71      284.32      0.1200      0.3600     96.0800     39.2300     39.1100    364.0200    620.7200
  1851       12.88      287.16     -1.3000      0.2600     93.1500     37.4900     38.7900    363.1600    620.5900
  1852       12.71      290.03     -0.0000      0.1600     94.0900     38.6300     38.6300    362.8700    620.6500
  1853       12.85      292.94     -0.3500      0.2800     95.2100     38.8300     39.1800    363.2100    620.4700
  1854       12.96      295.86     -0.7400      0.3000     94.5500     38.2900     39.0300    363.1900    620.1500
  1855       13.06      298.82     -1.5300      0.2800     93.2100     37.6800     39.2200    362.4400    619.8700
  1856       12.76      301.81      0.9500      0.2200     95.6000     39.5300     38.5800    362.6100    619.6200
  1857       12.77      304.83      0.4200      0.2600     96.2600     39.2700     38.8500    363.4600    619.9500
  1858       12.88      307.88     -0.8200      0.3300     94.3200     38.1000     38.9200    363.1200    620.2400
  1859       12.94      310.96     -0.8300      0.2200     93.6500     38.0000     38.8300    362.1600    620.0800
  1860       13.03      314.07     -1.0900      0.2400     93.1500     37.8600     38.9500    361.8100    619.9500
  1861       13.06      317.21     -0.7400      0.3500     93.9100     38.1500     38.8900    361.5400    619.5900
  1862       13.27      320.38     -0.9300      0.3000     94.4700     38.3300     39.2700    361.2600    619.1400
  1863       13.14      323.58     -0.4100      0.3300     94.9300     38.6400     39.0500    361.0800    618.7400
  1864       13.10      326.82      0.1700      0.2500     96.3900     39.4000     39.2300    361.5700    618.6000
  1865       13.20      330.09     -1.0700      0.2200     94.7700     38.2200     39.2900    361.3500    618.4200
  1866       13.34      333.39     -0.8700      0.2300     94.5800     38.5000     39.3700    360.8000    618.0200
  1867       13.20      336.72     -0.1200      0.2600     95.8000     39.0200     39.1400    361.0600    617.7400
  1868       13.24      340.09     -0.4800      0.2700     95.5900     38.8600     39.3400    361.0200    617.5500
  1869       13.23      343.49     -1.2400      0.2100     94.0000     37.8300     39.0700    360.8600    617.3200
  1870       13.36      346.92     -0.8800      0.2900     93.9700     38.1600     39.0500    359.9300    616.9700
  1871       13.31      350.39      0.1800      0.3300     96.1300     39.4700     39.2900    360.2700    616.6400
  1872       13.60      353.90     -1.9300      0.3500     93.4700     37.3400     39.2700    360.1600    616.3000
  1873       13.60      357.44     -1.7300      0.3200     92.7200     37.5000     39.2200    358.4600    615.6700
  1874       13.36      361.01      0.7600      0.3200     96.7600     39.9000     39.1400    359.2400    615.1300
  1875       13.28      364.62     -0.4400      0.2600     94.8900     38.3800     38.8300    359.7200    615.1100
  1876       13.22      368.27     -0.4700      0.2100     93.7800     37.9800     38.4500    359.1800    615.0400
  1877       13.54      371.95     -1.0500      0.1900     94.6900     38.2600     39.3200    359.1500    614.6800
  1878       13.53      375.67      0.0300      0.2600     96.9400     39.5900     39.5700    359.2200    614.2000
  1879       13.52      379.43      0.3300      0.2100     98.0300     39.9100     39.5800    359.9800    614.1100
  1880       13.40      383.22      0.4000      0.0200     97.6800     39.8400     39.4500    360.2500    614.1600
  1881       13.66      387.05     -0.7400      0.1200     97.2600     39.2200     39.9700    360.5600    614.3100
  1882       13.76      390.92     -0.7500      0.2900     96.4300     39.1400     39.8900    359.8100    614.0300
  1883       13.99      394.83     -2.0800      0.3400     94.5100     37.7900     39.8800    359.3500    613.5400
  1884       14.05      398.78     -1.8800      0.2200     93.6200     37.6100     39.4900    358.1900    612.3800
  1885       13.97      402.77     -1.0500      0.1800     95.0700     38.4200     39.4600    358.0800    611.7800
  1886       13.90      406.80     -0.6700      0.1900     95.8400     38.9000     39.5600    358.0600    611.1400
  1887       13.67      410.86      0.8400      0.1300     97.8300     40.0700     39.2400    358.3900    610.9500
  1888       13.77      414.97     -0.5200      0.2300     97.2500     39.2200     39.7400    358.8900    611.1900
  1889       13.77      419.12     -0.1100      0.0800     97.4100     39.5600     39.6700    358.6300    611.0600
  1890       13.90      423.31     -1.5900      0.2000     95.4000     38.1900     39.7800    358.3500    611.1000
  1891       14.15      427.55     -1.7300      0.1100     94.6400     38.0400     39.7700    356.8700    610.3300
  1892       14.09      431.82     -1.4200      0.1200     94.2700     37.9800     39.4000    356.5600    609.4300
  1893       14.19      436.14     -1.0800      0.2700     94.7400     38.1200     39.2000    356.4900    608.6400
  1894       13.99      440.50      0.3100      0.2900     97.1900     39.7700     39.4600    356.7400    608.2500
  1895       14.06      444.91     -0.7300      0.1900     97.1500     39.2300     39.9600    357.1900    608.0500
  1896       14.04      449.36     -0.7400      0.1000     96.4900     38.9300     39.6700    356.6400    607.6000
  1897       13.90      453.85      0.2300      0.2500     97.8300     39.8600     39.6300    356.9300    607.4400
  1898       14.17      458.39     -0.9300      0.1000     97.5800     39.2000     40.1200    357.2900    607.3500
  1899       14.41      462.97     -2.6100      0.2000     94.0600     37.2300     39.8300    356.2000    606.8300
  1900       14.37      467.60     -1.5200      0.1600     93.8100     37.7400     39.2600    354.8600    605.9200
  1901       14.15      472.28      0.0400      0.2400     96.0700     39.1300     39.0900    355.1000    605.3500
  1902       14.19      477.00      0.0800      0.2600     97.2400     39.4400     39.3600    355.5500    605.0900
  1903       14.41      481.77     -2.5200      0.1700     94.5500     37.4500     39.9700    355.1700    604.7700
  1904       14.47      486.59     -1.8500      0.0700     93.3000     37.4800     39.3400    353.2400    603.7000
  1905       14.32      491.45      0.2000      0.1600     96.1600     39.2200     39.0200    353.7500    603.2400
  1906       14.48      496.37     -1.2700      0.1500     95.1600     37.8900     39.1600    353.9900    602.9000
  1907       14.56      501.33     -1.0400      0.0600     96.2100     38.7200     39.7600    353.3400    602.1100
  1908       14.57      506.35     -1.4000      0.1700     95.3100     38.2500     39.6500    353.1000    601.5900
  1909       14.71      511.41     -2.0200      0.2100     94.2100     37.5500     39.5700    352.3800    600.7700
  1910       14.58      516.52     -1.6300      0.2500     93.2400     37.3400     38.9700    351.4500    600.0500
  1911       14.69      521.69     -0.7100      0.3400     94.9300     38.2500     38.9600    351.2500    599.2300
  1912       14.58      526.91     -0.8700      0.2700     94.9300     38.1400     39.0000    351.2000    598.6400
  1913       14.70      532.17     -1.7600      0.1800     94.0200     37.2200     38.9800    351.0600    598.0400
  1914       14.55      537.50     -0.4400      0.0800     95.2600     38.3600     38.8000    350.6200    597.2300
  1915       14.64      542.87     -0.0300      0.1100     97.3200     39.2900     39.3200    351.0500    596.9900
  1916       15.03      548.30     -2.6300      0.1800     93.7000     36.8300     39.4600    350.3200    596.6000
  1917       15.06      553.78     -2.0900      0.0700     93.3100     37.2900     39.3800    348.7700    595.5500
  1918       14.89      559.32     -0.1200     -0.0500     95.3700     38.5600     38.6800    348.7200    594.8400
  1919       14.90      564.91     -0.3500      0.0200     97.6800     39.1900     39.5400    349.8600    594.2600
  1920       15.00      570.56     -1.6000     -0.0400     94.7900     37.5700     39.1700    349.0000    593.7600
  1921       15.04      576.27     -0.8600      0.0700     95.7300     38.3600     39.2100    348.5800    593.3700
  1922       15.27      582.03     -2.4600      0.0700     93.8100     36.9500     39.4100    347.9000    592.5800
  1923       15.15      587.85     -0.8000     -0.0100     94.9000     38.1100     38.9100    347.2000    591.6500
  1924       14.98      593.73      0.3400      0.1000     96.6700     39.1500     38.8100    347.5900    591.4300
  1925       15.34      599.67     -2.0100      0.0800     95.2500     37.5800     39.5800    347.3200    590.9400
  1926       15.32      605.66     -2.8400      0.0400     92.3200     36.1100     38.9500    346.1800    590.1300
  1927       15.14      611.72     -0.4000      0.1600     94.7000     38.2000     38.6000    345.5100    589.2700
  1928       15.27      617.84     -0.7900      0.1000     95.4800     38.0700     38.8600    345.6600    588.7400
  1929       15.14      624.02     -0.4200      0.0500     96.0200     38.3700     38.7900    345.6300    588.3700
  1930       15.29      630.26     -0.6400      0.1500     96.7900     38.6600     39.3000    345.7700    587.9400
  1931       15.35      636.56     -2.2300      0.1000     93.3700     36.7600     38.9900    344.8200    587.5700
  1932       15.42      642.92     -1.8600      0.0800     93.0800     36.7100     38.5700    344.0900    586.6700
  1933       15.46      649.35     -1.5600     -0.0400     92.1700     36.5800     38.1400    342.8600    585.8900
  1934       15.39      655.85      0.4400      0.1100     96.5100     39.0800     38.6400    343.5400    585.2100
  1935       15.59      662.41     -1.6000      0.0600     95.6500     37.7200     39.3100    343.7900    585.0000
  1936       15.91      669.03     -3.0400      0.1200     92.3000     36.0100     39.0500    342.1500    584.0100
  1937       15.60      675.72     -0.7300      0.0900     94.1300     37.6700     38.4000    341.2500    583.0400
  1938       15.59      682.48     -0.7300      0.0100     95.1400     37.8900     38.6200    341.4600    582.5200
  1939       15.92      689.30     -1.5200      0.0800     95.4800     37.5600     39.0800    341.5400    581.7300
  1940       16.14      696.20     -3.1500      0.1700     91.6400     35.6000     38.7500    339.9300    580.8100
  1941       15.90      703.16     -0.9100      0.1400     93.6700     37.5800     38.4900    339.0400    579.7400
  1942       15.78      710.19      0.2800      0.1100     96.9100     39.0600     38.7800    340.0100    579.3100
  1943       16.10      717.29     -2.1100     -0.0100     94.3800     36.7500     38.8600    339.8200    578.7000
  1944       16.11      724.46     -2.4600     -0.0500     92.6900     36.1000     38.5600    338.6500    577.6900
  1945       16.13      731.71     -1.1600      0.2200     94.3900     37.5200     38.6800    338.0200    576.8400
  1946       16.19      739.03     -1.3400      0.0900     93.9200     37.1900     38.5300    337.4600    575.8800
  1947       16.17      746.42     -0.7400      0.2600     95.2600     37.6600     38.4000    337.7200    575.3400
  1948       16.34      753.88     -3.3100      0.1600     91.5500     35.2100     38.5100    336.7100    574.6700
  1949       16.11      761.42     -1.3500      0.0700     92.0400     36.5200     37.8700    335.1200    573.5200
  1950       16.03      769.03      0.9200      0.1400     96.7500     39.1500     38.2200    335.8300    572.9600
  1951       16.37      776.72     -1.4500      0.0500     96.6700     37.7600     39.2100    336.6700    572.5100
  1952       16.32      784.49     -2.7100      0.0100     91.9500     35.6500     38.3600    334.9500    571.9900
  1953       16.30      792.34     -0.3300      0.0300     94.5200     37.7500     38.0800    334.2000    571.2200
  1954       16.48      800.26     -1.5100      0.2200     94.6800     37.1400     38.6500    334.6600    570.6200
  1955       16.71      808.26     -3.6500      0.0400     90.7300     34.7400     38.4000    333.1700    569.4600
  1956       16.61      816.34     -1.9000      0.1800     90.8500     35.8200     37.7200    331.6800    568.0600
  1957       16.64      824.51      0.7300      0.2400     97.1400     39.0500     38.3100    332.7900    567.0900
  1958       16.88      832.75     -3.0000      0.1400     92.8200     35.3200     38.3100    332.6900    566.3800
  1959       16.85      841.08     -1.8300      0.1300     92.1200     36.1100     37.9400    330.8700    565.2500
  1960       16.78      849.49     -1.1200      0.1500     94.0100     37.0300     38.1500    330.9600    564.4300
  1961       16.77      857.99     -0.8200      0.1700     94.2700     36.9300     37.7500    330.9000    563.5900
  1962       16.92      866.57     -2.9400      0.1100     91.5800     35.1000     38.0300    330.2400    563.0200
  1963       17.16      875.23     -2.5300      0.0700     90.9400     35.3100     37.8400    328.5100    561.6200
  1964       17.11      883.98     -1.7500      0.2100     91.8300     35.7800     37.5300    328.1300    560.3400
  1965       16.95      892.82     -0.3600     -0.0200     94.1700     37.2000     37.5600    327.9300    559.3900
  1966       16.98      901.75     -0.5000      0.0200     96.0600     37.6100     38.1100    328.7400    558.8700
  1967       17.27      910.77     -2.8700      0.1100     92.1300     35.2400     38.1000    327.7300    558.3200
  1968       17.45      919.88     -2.7500     -0.0300     90.9600     35.1200     37.8700    326.0200    557.2100
  1969       17.21      929.08     -0.3800     -0.0200     94.1600     37.2700     37.6500    325.6900    556.0900
  1970       17.21      938.37     -0.3100      0.0900     96.5400     37.8000     38.1100    326.5800    555.4900
  1971       17.41      947.75     -2.8000      0.0500     92.2800     35.2100     38.0100    325.5600    554.9200
  1972       17.41      957.23     -2.4500      0.0600     90.9600     35.1000     37.5400    323.9600    553.8100
  1973       17.38      966.80     -1.5000      0.0500     91.8600     35.7300     37.2300    323.4500    553.0400
  1974       17.65      976.47     -2.9600      0.0400     90.0900     34.3100     37.2700    322.7800    551.7600
  1975       17.80      986.23     -2.8100      0.0300     88.7200     34.1400     36.9500    321.0100    550.3400
  1976       17.77      996.09     -1.7100      0.1000     90.7000     35.1500     36.8600    320.5100    548.9100
  1977       17.65     1006.10     -1.4100      0.1200     91.0100     35.0400     36.4500    320.4000    547.7900
  1978       17.71     1016.10     -1.2400      0.1900     92.6200     35.7500     36.9900    320.2800    546.7800
  1979       17.79     1026.30     -2.4400      0.0500     91.0900     34.7400     37.1700    319.4800    545.8300
  1980       17.92     1036.50     -2.8800      0.1200     89.3700     34.0300     36.9100    318.5400    544.8200
  1981       18.03     1046.90     -2.7100      0.0800     87.8700     33.5700     36.2800    317.0300    543.3300
  1982       17.94     1057.40     -1.6700      0.1400     89.0500     34.4500     36.1200    316.1400    542.1900
  1983       18.14     1067.90     -1.8900      0.0700     90.0500     34.3900     36.2900    316.0100    540.9300
  1984       18.23     1078.60     -2.9000     -0.0500     88.6200     33.5500     36.4500    314.8500    539.7200
  1985       18.14     1089.40     -1.5000      0.1000     90.5500     34.8700     36.3700    314.4100    538.4400
  1986       18.25     1100.30     -2.6000      0.1000     88.6300     33.5000     36.1000    313.4200    537.3100
  1987       18.28     1111.30     -1.1100      0.1300     90.8300     34.9800     36.0900    313.2900    536.0900
  1988       18.52     1122.40     -3.5700      0.1500     86.6000     32.4200     36.0000    311.9000    535.1000
  1989       18.51     1133.60     -3.1000      0.1100     85.5700     32.3600     35.4700    309.9800    533.5600
  1990       18.39     1145.00     -0.9000      0.0600     89.6600     34.7300     35.6300    310.0400    532.2300
  1991       18.56     1156.40     -2.9600      0.0800     87.5100     32.6900     35.6500    309.6000    531.3700
  1992       18.76     1168.00     -3.8300      0.0200     84.2000     31.5100     35.3300    307.1900    529.9600
  1993       18.64     1179.70     -1.2700      0.0400     87.6100     33.8600     35.1300    306.2900    528.2800
  1994       18.71     1191.50     -2.1800      0.0800     87.9700     33.0700     35.2500    306.5300    527.0700
  1995       18.87     1203.40     -3.5700      0.1400     85.9800     31.7400     35.3100    305.3400    525.8400
  1996       19.05     1215.40     -2.7300      0.0900     85.5000     32.3700     35.1000    303.3800    524.1600
  1997       18.98     1227.60     -1.6200      0.2300     87.6000     33.3000     34.9200    303.0100    522.7600
  1998       18.92     1239.90     -2.6500      0.1600     86.4100     32.0800     34.7300    302.6400    521.6800
  1999       18.90     1252.30     -2.4200     -0.0400     85.4000     32.2300     34.6400    300.9000    520.2800
