  YEAR          ST         CO2 LA_CO2_FLUX OA_CO2_FLUX         GPP         NPP      HETRES       CLIVE       CDEAD
  1850       14.49      285.73      0.0675     -0.1897    105.0200     47.6200     47.0500    377.3300   1726.1500
  1851       14.36      288.59     -0.3562     -0.5640    106.4300     48.6600     47.5600    377.7700   1726.8200
  1852       14.38      291.47     -1.0883     -0.8168    105.4700     48.0400     46.2900    378.4500   1728.1700
  1853       14.45      294.39     -0.6798     -1.0387    106.9700     48.9800     47.6000    378.7700   1729.4400
  1854       14.39      297.33     -0.6984     -1.3243    108.0600     49.5600     48.0400    379.9400   1730.4400
  1855       14.49      300.31     -3.0236     -1.3839    111.6300     52.1000     48.2700    381.8300   1731.7000
  1856       14.54      303.31     -2.6252     -1.6879    111.1700     51.5900     48.1100    383.6300   1733.2500
  1857       14.60      306.34     -1.5628     -1.9614    113.5000     52.4700     50.0500    385.7900   1734.4300
  1858       14.64      309.40     -0.7278     -2.0601    113.1100     51.8600     50.3400    387.4700   1734.9800
  1859       14.63      312.50     -0.0354     -2.2288    112.4000     51.7600     50.8800    388.4000   1735.1600
  1860       14.81      315.62     -1.1558     -2.2665    114.9200     53.1200     51.2300    390.0400   1734.9500
  1861       14.53      318.78     -2.9416     -2.5311    114.8600     53.6000     49.6500    391.6600   1735.9900
  1862       14.56      321.97     -3.1010     -2.5926    116.3500     54.2000     50.0800    393.8700   1738.0100
  1863       14.55      325.19     -3.0022     -2.7461    116.7500     54.4900     50.4900    395.8800   1740.1500
  1864       14.55      328.44     -3.1065     -2.9121    116.0100     54.0600     49.8800    397.2200   1742.4700
  1865       14.61      331.72     -4.7038     -3.0726    118.5000     55.8800     50.0300    399.4800   1745.3000
  1866       14.72      335.04     -3.7782     -3.1032    120.3800     56.6200     51.6400    401.8200   1747.7200
  1867       14.64      338.39     -4.7601     -3.2029    122.8900     58.1300     52.1300    405.0400   1750.3600
  1868       14.67      341.78     -3.0971     -3.2529    121.1900     56.6600     52.4800    407.5300   1753.2100
  1869       14.83      345.19     -3.2224     -3.4390    121.8500     57.1800     52.9700    408.8200   1754.9500
  1870       14.80      348.64     -4.4414     -3.5233    124.2700     58.9600     53.2700    411.7600   1757.1500
  1871       14.80      352.13     -4.9695     -3.5882    125.8600     59.8100     53.6500    414.9900   1759.5400
  1872       14.74      355.65     -5.1097     -3.6389    125.3300     59.6400     53.2200    417.6200   1762.5300
  1873       14.90      359.21     -4.5313     -3.7188    127.6200     60.7700     54.9600    420.7900   1765.2800
  1874       14.91      362.80     -4.4962     -3.7543    128.9000     61.5700     55.6800    424.0500   1767.3300
  1875       14.96      366.43     -3.0436     -3.8164    126.0500     59.5200     55.3500    426.3600   1769.2000
  1876       15.16      370.09     -4.3639     -3.8913    130.2000     61.9800     56.4700    429.1000   1770.6100
  1877       15.21      373.79     -1.4411     -3.9644    125.2400     58.6600     56.1500    431.1600   1772.6800
  1878       15.26      377.53     -2.7174     -4.0831    127.8700     60.5100     56.4800    432.2500   1773.0800
  1879       15.21      381.31     -6.9151     -4.1777    134.0500     64.9800     56.7600    436.5500   1775.3700
  1880       15.16      385.12     -7.5408     -4.2477    137.1600     66.6100     57.5200    440.9000   1778.2000
  1881       15.23      388.97     -3.7888     -4.2776    134.7900     64.2500     59.1400    444.7300   1781.1300
  1882       15.25      392.86     -4.0011     -4.1636    133.8800     63.7900     58.7100    446.9200   1782.6500
  1883       15.12      396.79     -6.2646     -4.3048    136.5300     65.7700     58.0700    450.2200   1785.4100
  1884       15.16      400.76     -6.6580     -4.3973    138.4900     66.9000     58.7400    453.4300   1788.9000
  1885       15.07      404.77     -6.0356     -4.3978    138.9600     67.0700     59.4300    456.8200   1792.6600
  1886       15.28      408.81     -4.0764     -4.4490    136.5900     65.2200     59.8100    459.4800   1796.2300
  1887       15.29      412.90     -6.3232     -4.5843    140.5600     68.6500     60.6800    461.8500   1798.3500
  1888       15.38      417.03     -4.4086     -4.5789    140.0500     67.5500     61.8600    466.3400   1800.8900
  1889       15.37      421.20     -6.6694     -4.7274    142.5100     69.6600     61.4000    469.1500   1802.9800
  1890       15.37      425.41     -5.8912     -4.6420    144.1700     70.0800     62.6400    473.7800   1805.4500
  1891       15.37      429.67     -6.0164     -4.7443    144.9100     70.6700     63.1000    477.4500   1808.1000
  1892       15.43      433.96     -6.7285     -4.7475    148.0000     72.4400     64.2100    481.9900   1810.6000
  1893       15.49      438.30     -4.8167     -4.8506    143.1300     69.0200     62.9000    485.3900   1813.2300
  1894       15.56      442.69     -5.0667     -4.8543    146.3100     71.2600     64.8300    487.9900   1814.4400
  1895       15.58      447.11     -6.7645     -4.9573    148.2300     72.7200     64.4300    492.3000   1816.5700
  1896       15.52      451.58     -6.4039     -4.9422    148.5200     72.6200     64.6400    496.3800   1819.1000
  1897       15.53      456.10     -5.4132     -4.9267    147.5700     71.7300     64.8700    499.5800   1821.8400
  1898       15.52      460.66     -6.0141     -5.0379    149.5400     73.3200     65.8100    502.5600   1824.4400
  1899       15.39      465.27     -7.7370     -5.1009    152.1900     75.3200     65.8500    506.6600   1827.0900
  1900       15.43      469.92     -9.6414     -5.1928    155.1700     77.0500     65.6000    512.0100   1831.1600
  1901       15.58      474.62     -5.0422     -4.9982    151.9300     74.1800     67.6600    515.3800   1835.1100
  1902       15.54      479.37     -8.3485     -5.0852    157.6600     78.1900     68.1500    519.2500   1837.4400
  1903       15.58      484.16     -7.8766     -5.1532    158.0300     78.1800     68.7000    524.2100   1841.1800
  1904       15.62      489.00     -3.7798     -5.0934    150.7300     73.5900     68.4700    526.5600   1844.2600
  1905       15.61      493.89     -8.1420     -5.2971    159.4500     79.3700     69.3200    529.8400   1845.9200
  1906       15.55      498.83     -8.5621     -5.3980    160.2400     79.9600     69.4900    535.3300   1850.0800
  1907       15.81      503.82     -5.3854     -5.2210    157.7900     77.8000     70.8100    539.1200   1852.7500
  1908       15.83      508.86     -7.8966     -5.3412    161.6900     80.5400     71.0200    543.5500   1854.3900
  1909       15.80      513.95     -6.9715     -5.3753    162.0400     80.6000     72.0100    548.2800   1857.0500
  1910       15.74      519.08     -9.3605     -5.4059    166.1000     83.2800     72.0700    553.1600   1859.6300
  1911       15.85      524.28     -7.4834     -5.4478    165.4600     82.3800     73.1100    558.2600   1863.2700
  1912       15.84      529.52     -6.6516     -5.5326    164.7300     82.0700     73.7300    561.8900   1865.7100
  1913       15.95      534.81     -7.6020     -5.5718    164.2800     82.2000     72.8900    566.0600   1868.1800
  1914       15.95      540.16     -5.1233     -5.4948    164.1200     81.3600     74.7800    569.9600   1869.9500
  1915       15.80      545.56     -8.7940     -5.5463    168.2300     84.7600     74.0400    574.4100   1871.7900
  1916       15.90      551.02     -8.1997     -5.5062    168.2600     84.2000     74.3400    579.4900   1875.2100
  1917       15.96      556.53     -9.6583     -5.6151    174.3100     88.1100     76.6000    584.7700   1877.8300
  1918       16.13      562.09     -4.2294     -5.4563    168.5200     83.2700     77.5600    589.4400   1880.2700
  1919       16.12      567.72     -6.8792     -5.6453    170.7800     85.4600     76.7100    592.5500   1881.2300
  1920       16.17      573.39     -7.9875     -5.6331    174.6200     87.8900     77.9900    597.1700   1883.2500
  1921       16.24      579.13     -6.2455     -5.7194    173.8300     87.0700     79.0900    602.0800   1885.2900
  1922       16.37      584.92     -5.6754     -5.7201    170.9700     85.3600     78.2500    605.4900   1886.2800
  1923       16.37      590.77     -7.1922     -5.7844    173.4500     87.2100     78.2900    609.6200   1887.9500
  1924       16.30      596.67     -4.7450     -5.7184    171.3700     85.3800     79.0800    613.3900   1889.4000
  1925       16.38      602.64     -8.6409     -5.8241    175.0600     88.2100     77.7600    617.2800   1891.1700
  1926       16.42      608.67     -7.5644     -5.7110    177.5500     89.1800     79.7800    621.7600   1893.7700
  1927       16.41      614.75     -7.8569     -5.9029    177.2800     89.4700     79.7600    626.2400   1896.3400
  1928       16.55      620.90     -5.4608     -5.6570    172.9100     86.5600     79.5100    629.2800   1898.5100
  1929       16.60      627.11     -7.6280     -5.9162    179.0800     90.3100     80.9800    634.0700   1899.6800
  1930       16.65      633.38     -7.2635     -5.9312    180.2900     90.8700     81.8700    638.8100   1900.8100
  1931       16.65      639.72     -7.1662     -5.7993    183.1800     92.7500     83.7500    643.8300   1902.2300
  1932       16.60      646.11     -8.7887     -5.8587    183.6100     93.1300     82.4100    649.1200   1903.8000
  1933       16.71      652.57     -7.2103     -5.7833    183.7300     92.6600     83.8500    653.2700   1905.2700
  1934       16.68      659.10     -9.2360     -5.8643    187.1000     95.2300     84.0600    658.8600   1907.4800
  1935       16.80      665.69     -5.0253     -5.7032    179.2400     89.9200     83.3100    662.4700   1909.7900
  1936       16.92      672.35     -6.0019     -5.7118    183.9400     92.8300     85.1700    665.5900   1909.8700
  1937       16.78      679.07     -8.1787     -5.9159    189.4300     96.7300     86.5700    670.9300   1911.0900
  1938       16.89      685.86     -8.2918     -5.6834    191.9200     97.7600     87.7500    676.5500   1911.6800
  1939       16.98      692.72     -4.5650     -5.7686    185.2000     93.1100     87.0300    680.8700   1912.4600
  1940       16.88      699.65     -7.2192     -5.8437    189.0100     95.9700     86.9300    683.8800   1912.3900
  1941       16.83      706.64     -6.3467     -5.7643    188.0600     94.9100     86.7400    688.9100   1914.0700
  1942       16.95      713.71     -6.6111     -5.7786    188.2300     95.3200     86.8800    691.9300   1915.5000
  1943       17.08      720.85     -4.0621     -5.7457    185.3900     93.2500     87.5700    694.8800   1916.3300
  1944       17.04      728.06     -7.4893     -5.7614    187.7700     95.4400     86.1800    698.0900   1917.1600
  1945       17.00      735.34    -10.2611     -5.7701    197.3200    101.3200     89.2000    703.8000   1918.5800
  1946       17.09      742.69     -6.6601     -5.8348    191.7200     97.0400     88.5800    709.1200   1920.7400
  1947       17.18      750.12     -7.0170     -6.0907    193.8300     98.4000     89.4800    712.9400   1921.8100
  1948       17.17      757.62     -7.9491     -6.0241    193.8800     98.4700     88.7200    717.1300   1923.3900
  1949       17.16      765.19    -10.0102     -6.1334    199.5500    102.5100     90.5500    723.4000   1925.4200
  1950       17.24      772.85     -5.0772     -5.8827    192.4200     97.5100     90.6500    726.2000   1926.9500
  1951       17.25      780.58     -9.0845     -5.9545    200.1300    102.7700     91.7500    731.1000   1927.5800
  1952       17.35      788.38     -6.4725     -5.7874    198.6000    100.9000     92.7500    736.3900   1928.7000
  1953       17.33      796.26     -3.6298     -5.8566    191.4800     96.5600     91.2800    738.4100   1928.7300
  1954       17.43      804.23     -5.9617     -5.8056    196.4400    100.0200     92.1600    742.4100   1928.5700
  1955       17.39      812.27     -9.6441     -5.8031    203.0700    104.4500     92.9200    746.8900   1928.7200
  1956       17.38      820.39     -6.3794     -5.8870    198.8400    101.4400     93.2900    751.9000   1930.5400
  1957       17.50      828.60     -4.5921     -5.8796    196.8100     99.8300     93.5300    754.8800   1930.8800
  1958       17.51      836.88     -6.0579     -5.9490    201.8300    103.0400     95.2100    758.5500   1929.8900
  1959       17.50      845.25     -5.5773     -5.9599    202.0800    102.7100     95.2900    763.2400   1929.6200
  1960       17.40      853.70     -8.1897     -5.9661    204.3500    105.1200     94.9100    766.6400   1929.7600
  1961       17.44      862.24     -8.0869     -6.1046    201.9700    103.4200     93.3300    771.0500   1931.7700
  1962       17.57      870.86     -7.1760     -5.9692    203.5100    104.1300     95.1600    774.5300   1933.2600
  1963       17.55      879.57     -7.8197     -6.0118    206.2100    106.0500     96.2400    779.3700   1934.4300
  1964       17.63      888.37     -7.4693     -6.0056    207.7400    106.6800     97.2400    784.3200   1934.7800
  1965       17.72      897.25     -5.2001     -6.1629    206.9200    105.5900     98.5000    788.3300   1934.6600
  1966       17.76      906.22     -6.2844     -6.1083    210.6400    108.1200     99.9400    792.5300   1933.4200
  1967       17.84      915.29     -4.8930     -5.9093    206.1800    105.3000     98.7100    796.3800   1932.3400
  1968       17.71      924.44     -9.2509     -6.0254    210.6600    108.9100     97.7000    800.3100   1932.3700
  1969       17.83      933.68     -5.3158     -6.0970    208.3800    106.4800     99.3000    804.9200   1933.5500
  1970       17.94      943.02     -5.7779     -5.8964    210.3500    107.7100    100.2900    808.3600   1932.6100
  1971       17.92      952.45     -6.4920     -5.8891    212.6800    109.4700    101.2100    812.4300   1931.2300
  1972       18.01      961.97     -4.8039     -6.0713    210.4000    107.8500    101.2700    816.8900   1930.1800
  1973       18.04      971.59     -2.9909     -5.9198    210.3600    107.3500    102.8100    819.8400   1927.6100
  1974       18.05      981.31     -5.8204     -5.9813    212.0900    108.6400    101.1000    823.4100   1925.6800
  1975       18.17      991.12     -6.2701     -6.0022    213.8500    109.8300    101.6800    827.2100   1925.0600
  1976       18.02     1001.03     -7.0867     -6.1783    211.6200    108.8000     99.8200    830.6700   1925.3400
  1977       18.13     1011.04     -1.1763     -6.0413    206.2100    104.7300    102.1000    832.7600   1924.5000
  1978       18.15     1021.16     -5.5961     -6.0164    213.2600    109.7900    102.3600    835.5800   1921.5500
  1979       18.14     1031.37     -4.5677     -5.8949    212.8600    109.1400    102.9900    839.9700   1920.4900
  1980       18.27     1041.68     -4.1966     -5.9703    214.4900    109.9500    104.0500    843.4200   1918.1900
  1981       18.32     1052.10     -5.9385     -5.8956    216.9900    111.4100    103.7200    847.5400   1915.8800
  1982       18.32     1062.62     -3.5413     -5.8719    211.6000    107.8800    102.6700    849.9100   1915.4000
  1983       18.26     1073.24     -6.0485     -6.0576    216.3000    111.3200    103.3700    852.6400   1914.1000
  1984       18.48     1083.98     -3.3263     -5.7869    215.3300    109.9700    105.1000    856.3800   1912.6500
  1985       18.41     1094.82     -4.3690     -5.9724    213.0200    109.2900    103.0900    858.3900   1910.6600
  1986       18.44     1105.76     -7.5184     -5.9494    220.5900    113.8600    104.6600    862.8800   1909.9900
  1987       18.49     1116.82     -3.5948     -5.9976    218.5000    111.8500    106.4100    866.1700   1908.8100
  1988       18.58     1127.99     -3.3748     -5.9382    217.9100    111.7800    106.6600    869.0500   1906.2700
  1989       18.65     1139.27     -3.2320     -5.9758    217.2300    111.1200    106.3500    871.3000   1902.7800
  1990       18.54     1150.66     -7.0205     -6.0781    223.6500    115.4300    106.6100    875.3900   1900.8400
  1991       18.68     1162.17     -3.3863     -6.0110    218.1500    111.6400    106.6000    878.8000   1899.7200
  1992       18.65     1173.79     -5.3773     -5.8509    223.6100    115.3000    108.1200    881.5900   1896.2700
  1993       18.67     1185.53     -5.8886     -5.9607    223.6300    115.2900    107.5400    886.5500   1895.1300
  1994       18.76     1197.38     -0.5750     -5.9520    215.8500    109.9400    107.7100    887.6300   1893.2500
  1995       18.79     1209.36     -4.7520     -5.9496    226.0000    116.6400    110.1000    890.6200   1889.2700
  1996       18.69     1221.45     -4.7450     -6.0628    218.7900    112.6200    106.2200    893.5600   1887.2600
  1997       18.74     1233.67     -6.0071     -6.2508    222.5400    114.9200    107.1200    896.8200   1886.1900
  1998       18.93     1246.00     -3.5383     -6.1895    224.0500    115.4100    110.3000    900.2900   1883.5900
  1999       18.92     1258.46     -2.5891     -5.9258    223.5100    114.8400    110.6800    903.3400   1879.4700
