  YEAR          ST         CO2 LA_CO2_FLUX OA_CO2_FLUX         GPP         NPP      HETRES       CLIVE       CDEAD
  1850       14.49      285.73      0.4063     -0.1731    104.8500     47.5400     47.4100    377.2600   1725.8600
  1851       14.40      288.59     -0.8459     -0.7208    105.2200     48.0200     46.5300    377.9000   1726.6000
  1852       14.37      291.47      0.4413     -0.8228    104.3200     47.2400     47.0200    377.9300   1727.5900
  1853       14.30      294.39     -2.4721     -1.3031    110.6300     51.4200     47.9100    379.8100   1728.6700
  1854       14.38      297.33     -1.5109     -1.2266    109.3600     50.3000     48.0900    381.1900   1730.0900
  1855       14.28      300.31     -2.9863     -1.6658    110.0200     51.1500     47.2400    382.6300   1731.8600
  1856       14.43      303.31     -0.9580     -1.8564    107.1700     48.9200     47.2300    383.4900   1734.3300
  1857       14.46      306.34     -0.1322     -1.8570    109.4500     50.2200     49.3700    383.7200   1735.0100
  1858       14.61      309.40     -1.8811     -2.1158    113.6400     52.6800     49.9000    386.0600   1735.4300
  1859       14.62      312.50     -1.1376     -2.1889    111.6900     51.4100     49.4200    387.0800   1736.3300
  1860       14.49      315.62     -3.3925     -2.3891    115.1700     53.8500     49.5400    389.0600   1737.4900
  1861       14.57      318.78     -3.0309     -2.4712    115.7100     54.0100     50.0000    391.6700   1739.2100
  1862       14.63      321.97     -3.0431     -2.5882    115.4600     53.7700     49.7700    393.3100   1741.4400
  1863       14.52      325.19     -4.8762     -2.8000    118.0600     55.9200     49.8200    395.6900   1744.1000
  1864       14.62      328.44     -2.5238     -2.8322    116.2100     54.0700     50.5300    398.1000   1746.9200
  1865       14.68      331.72     -1.8407     -2.9938    116.5700     54.2200     51.2000    399.1200   1748.5800
  1866       14.54      335.04     -5.2724     -3.0978    120.4900     57.1100     50.5600    401.8700   1750.9400
  1867       14.66      338.39     -4.7008     -3.1590    120.3700     56.9400     51.0200    404.2200   1754.3000
  1868       14.55      341.78     -5.5039     -3.3576    122.6900     58.3000     51.4200    407.1900   1757.5300
  1869       14.57      345.19     -4.7441     -3.5109    122.8600     58.2500     52.1700    410.2200   1761.3800
  1870       14.61      348.64     -4.8520     -3.5707    123.5500     58.9000     52.8200    412.2600   1764.2000
  1871       14.62      352.13     -7.5821     -3.6901    128.0700     61.7100     52.7400    416.4400   1767.9000
  1872       14.65      355.65     -5.2355     -3.6962    126.0900     59.9500     53.3900    419.0500   1771.9300
  1873       14.65      359.21     -5.0297     -3.8856    126.8300     60.5200     54.0200    422.0900   1775.7100
  1874       14.84      362.80     -4.7574     -3.8846    125.6000     59.9400     53.9800    424.1300   1779.0000
  1875       14.77      366.43     -7.7850     -3.8953    133.3600     64.7800     55.5000    428.2000   1781.7800
  1876       14.67      370.09     -8.8530     -4.2078    135.9300     66.2700     55.7900    433.4000   1786.2600
  1877       14.87      373.79     -3.4615     -4.0806    131.9200     62.7900     58.1500    436.3700   1789.8500
  1878       14.66      377.53     -8.0968     -4.2488    135.8200     66.2600     56.6500    439.5200   1792.5400
  1879       14.61      381.31     -7.0584     -4.3068    135.8900     66.0000     57.4800    443.8900   1797.2200
  1880       14.66      385.12     -6.1730     -4.2610    133.1200     64.2600     56.5700    446.2600   1801.3400
  1881       14.63      388.97     -7.7120     -4.5235    137.7700     67.2400     57.9300    450.5300   1805.6200
  1882       14.61      392.86     -8.0298     -4.4998    138.3200     67.7800     58.1000    454.0400   1809.9700
  1883       14.67      396.79     -8.7879     -4.6517    140.7100     69.0800     58.5100    458.9200   1814.9500
  1884       14.79      400.76     -6.8753     -4.5361    139.5100     68.1400     59.7300    462.2900   1819.6100
  1885       14.74      404.77     -6.6805     -4.7148    139.7600     68.2900     59.9400    465.8100   1823.6100
  1886       14.74      408.81     -7.1376     -4.7015    143.3000     70.4900     61.6900    469.2400   1827.1400
  1887       14.74      412.90     -7.0847     -4.7404    141.4900     69.3800     60.7500    473.0900   1831.6800
  1888       14.71      417.03     -8.2895     -4.8383    144.1800     71.3700     61.3100    476.2800   1835.8900
  1889       14.76      421.20    -11.1601     -4.8837    151.7400     76.0200     62.9200    482.1700   1840.7400
  1890       14.77      425.41     -7.2398     -4.8009    145.2200     71.4000     62.6500    486.5300   1846.2700
  1891       14.84      429.67     -8.1491     -5.0417    147.6400     73.0900     63.1200    489.7900   1850.5000
  1892       14.99      433.96     -7.7306     -5.0013    150.2900     74.4300     65.1300    494.8200   1854.5400
  1893       14.91      438.30     -8.7411     -5.0333    152.8300     76.2600     65.7100    498.6700   1857.7200
  1894       14.80      442.69    -10.2639     -5.0753    155.1400     77.7200     65.5900    504.8500   1862.6400
  1895       14.91      447.11     -7.8573     -5.1181    152.3200     75.5500     65.8800    508.6900   1867.6800
  1896       14.89      451.58     -7.3506     -5.1120    150.3600     74.5800     65.4300    511.4000   1872.3000
  1897       14.86      456.10     -9.7403     -5.2734    155.0100     77.6700     66.1100    515.9800   1877.1500
  1898       14.76      460.66    -10.7360     -5.2653    157.8500     79.5800     66.8100    520.5300   1882.8100
  1899       14.75      465.27    -10.7824     -5.3673    157.2800     79.3000     66.5300    525.7100   1889.1500
  1900       14.77      469.92     -8.8244     -5.2698    156.9000     78.9300     68.1600    529.2300   1895.1300
  1901       14.80      474.62     -8.5905     -5.3706    157.5400     79.0300     68.6400    533.7100   1900.1400
  1902       14.77      479.37    -11.2200     -5.3772    161.4400     81.7400     68.5800    538.1100   1905.1400
  1903       14.77      484.16    -13.1249     -5.5808    165.7400     84.4700     69.1700    544.4300   1912.1000
  1904       14.86      489.00     -8.5831     -5.4014    159.5600     80.1900     69.8100    548.2800   1918.6900
  1905       14.85      493.89     -9.8957     -5.5330    160.5700     81.0500     69.2900    551.7300   1924.2500
  1906       14.88      498.83    -10.1030     -5.5191    163.7400     82.9300     71.0000    556.1500   1930.2800
  1907       14.81      503.82     -9.9294     -5.6822    163.0700     82.4300     70.4500    560.4900   1936.0600
  1908       15.00      508.86     -7.4825     -5.6003    162.2800     81.6700     72.4500    563.8300   1941.3700
  1909       14.98      513.95    -13.5461     -5.7353    172.1100     88.7000     73.1100    569.5500   1946.0800
  1910       15.06      519.08    -10.6840     -5.8822    169.9700     86.4500     73.7100    575.8600   1952.4200
  1911       15.01      524.28     -9.0009     -5.8844    166.7000     84.7900     73.8400    579.3900   1957.7700
  1912       15.13      529.52     -9.8057     -5.8749    170.0300     87.1000     75.2900    584.4600   1962.1500
  1913       15.16      534.81     -9.6682     -5.8448    171.7400     87.7800     76.2000    589.3300   1965.5100
  1914       14.95      540.16    -12.1633     -5.9478    176.1200     90.8600     76.5200    595.4300   1970.4800
  1915       15.02      545.56    -11.1411     -5.9036    174.0700     89.0600     75.9400    601.0200   1976.4400
  1916       14.91      551.02    -13.1710     -6.0418    178.9100     92.4500     77.0600    606.3500   1982.2900
  1917       15.04      556.53    -11.3117     -5.9209    176.6200     90.7700     77.4800    611.5400   1989.3900
  1918       14.98      562.09    -11.5192     -5.9379    177.2600     91.4900     77.9500    615.9700   1994.7400
  1919       14.91      567.72    -14.0683     -6.0332    181.9100     94.6300     78.2300    623.0800   2001.2300
  1920       15.02      573.39    -10.3485     -5.9949    176.4900     90.6400     78.3500    627.7200   2007.8000
  1921       14.86      579.13    -13.1638     -6.1175    180.5600     93.8600     78.4400    632.5700   2013.7900
  1922       14.88      584.92    -12.6846     -6.1105    181.3400     94.0400     79.2400    638.8400   2020.7100
  1923       14.93      590.77    -10.1181     -6.0258    177.3900     91.3100     79.0800    642.6700   2027.2100
  1924       14.92      596.67     -9.4263     -6.1213    177.4900     91.3900     79.9500    646.0700   2032.8500
  1925       14.84      602.64    -13.0303     -6.1661    183.8700     96.0800     80.7300    650.9800   2038.2900
  1926       14.91      608.67    -13.1080     -6.1011    185.4000     96.7700     81.4900    656.7900   2044.9000
  1927       14.81      614.75    -12.5461     -6.1087    184.8300     96.4600     81.6300    662.1800   2052.0600
  1928       14.99      620.90    -11.2382     -6.2007    184.2100     95.6200     82.3900    667.0400   2058.6100
  1929       15.03      627.11    -12.6914     -6.3467    185.8400     97.1400     82.2800    671.0900   2064.1400
  1930       14.97      633.38    -10.9926     -6.4148    185.1200     96.2900     82.9700    676.6600   2071.2100
  1931       15.06      639.72    -10.9794     -6.2160    187.2900     97.7900     84.7400    680.7600   2075.9200
  1932       15.01      646.11    -13.1300     -6.2989    192.7800    101.1800     85.8400    687.2600   2081.1100
  1933       15.12      652.57     -9.1493     -6.3181    189.4600     98.3600     87.1000    692.7000   2086.5300
  1934       15.13      659.10    -11.3430     -6.3468    191.9000    100.3700     86.8900    696.4900   2090.2200
  1935       14.98      665.69    -14.7487     -6.5251    196.6900    104.0700     86.8000    703.0700   2096.1100
  1936       14.99      672.35    -11.4547     -6.2660    193.6100    101.4300     87.7300    708.2100   2102.4400
  1937       14.95      679.07    -13.4302     -6.4175    196.4000    103.5800     87.8800    713.8700   2108.3800
  1938       14.94      685.86    -13.2090     -6.3944    199.0300    105.2000     89.7500    719.5800   2114.1900
  1939       14.97      692.72    -11.1694     -6.4791    197.3500    103.4700     89.9800    725.5400   2119.9500
  1940       14.96      699.65    -11.8661     -6.3128    197.3300    103.9600     89.8800    729.5800   2125.2800
  1941       15.01      706.64    -11.6460     -6.3042    197.9300    104.1300     90.3200    734.9700   2130.7200
  1942       14.88      713.71    -11.8118     -6.3779    199.1300    104.9400     90.8600    739.7200   2135.8900
  1943       14.94      720.85    -13.4320     -6.5985    202.6800    107.3600     91.4600    745.6000   2142.2000
  1944       14.96      728.06    -11.1097     -6.3908    199.9600    105.2000     91.9800    750.1600   2147.1700
  1945       14.80      735.34    -12.0823     -6.5973    199.9900    105.8200     91.3900    754.5500   2152.6900
  1946       14.78      742.69    -13.1562     -6.6995    200.9000    106.4000     90.7400    759.5300   2159.1300
  1947       14.74      750.12    -11.8879     -6.6455    201.5800    106.8700     92.5500    763.6200   2165.7700
  1948       14.73      757.62    -13.4659     -6.8484    203.2300    108.0200     92.1300    769.2600   2172.4500
  1949       14.59      765.19    -18.3349     -6.9064    212.9200    114.7600     93.6000    775.6400   2179.5600
  1950       14.61      772.85    -14.7125     -6.7833    210.0500    112.0100     94.9400    782.2800   2188.5800
  1951       14.66      780.58    -12.9468     -6.7368    208.5600    111.0700     95.6000    786.9600   2195.5100
  1952       14.71      788.38    -12.1072     -6.7756    207.2500    110.1700     95.8200    792.0300   2201.7400
  1953       14.69      796.26    -11.6238     -6.7937    207.9200    110.8100     96.8200    796.0400   2207.4100
  1954       14.74      804.23    -12.9670     -6.9058    209.7000    112.2100     96.8400    801.2200   2212.5700
  1955       14.61      812.27    -13.8431     -6.9651    208.7700    111.6500     95.5200    806.3800   2219.3800
  1956       14.68      820.39    -14.2726     -7.2294    212.3700    114.2200     97.5600    811.2200   2226.1900
  1957       14.67      828.60    -14.5911     -7.2810    213.2200    114.5000     97.2800    817.3200   2233.1500
  1958       14.79      836.88    -14.6042     -7.3025    215.8700    116.1200     98.9400    822.1500   2240.1100
  1959       14.78      845.25    -15.0444     -7.4114    218.7100    117.9700    100.3400    828.2200   2247.4300
  1960       14.80      853.70    -12.1206     -7.3432    216.2000    115.6400    101.2300    833.7200   2254.2100
  1961       14.87      862.24    -13.5133     -7.4978    215.2000    115.9100     99.8100    837.0900   2260.1400
  1962       14.83      870.86    -15.9302     -7.4004    219.3300    118.7600    100.2500    843.4500   2267.2400
  1963       14.92      879.57    -11.8642     -7.2009    216.9600    116.3300    102.2100    848.1700   2273.9700
  1964       14.94      888.37    -14.5336     -7.3601    220.1600    118.9900    102.0300    852.9100   2279.6300
  1965       15.03      897.25    -11.3766     -7.1510    220.5700    118.4700    104.8800    857.7500   2285.0800
  1966       14.87      906.22    -13.5125     -7.2523    222.9100    120.3700    104.3200    862.7300   2290.0500
  1967       14.90      915.29    -13.2411     -7.3042    222.1900    119.6700    103.8900    867.9000   2296.0600
  1968       14.92      924.44    -13.8893     -7.2008    225.8100    122.1900    105.8900    872.9300   2301.4300
  1969       14.93      933.68    -14.6916     -7.2249    225.2500    121.9600    104.7500    878.8200   2307.9700
  1970       14.94      943.02    -12.7658     -6.9758    223.4300    120.5900    105.5200    882.9100   2314.5000
  1971       14.89      952.45    -13.7810     -7.2636    227.0700    123.0200    106.6500    888.0300   2320.2600
  1972       15.02      961.97    -14.0138     -7.1328    228.7300    123.7500    107.1300    893.3300   2326.4100
  1973       14.90      971.59    -12.5733     -6.9827    224.1400    120.9700    105.8900    897.0000   2333.1100
  1974       14.84      981.31    -15.3884     -6.8681    231.3700    126.0800    108.1400    902.3000   2339.4500
  1975       14.79      991.12    -15.2544     -6.9374    230.2400    125.3500    107.5100    907.5700   2346.1200
  1976       14.73     1001.03    -14.6769     -7.0526    232.6600    126.9800    109.6000    912.6400   2353.3200
  1977       14.63     1011.04    -14.1987     -7.0481    231.7200    126.1100    109.3700    917.3000   2360.1800
  1978       14.77     1021.16    -14.2129     -6.9637    233.0300    126.7900    110.2100    922.0500   2366.9300
  1979       14.68     1031.37    -15.6046     -6.9091    234.5900    128.2100    110.0100    926.6700   2373.5400
  1980       14.73     1041.68    -14.0084     -7.1544    236.9600    129.4000    112.7400    932.3500   2381.1100
  1981       14.72     1052.10    -14.8284     -7.0246    234.4100    128.2900    111.0200    936.3800   2386.4100
  1982       14.64     1062.62    -14.0373     -7.1307    234.7300    128.2200    111.7700    941.4500   2393.7200
  1983       14.65     1073.24    -13.2545     -7.1468    235.3700    128.5700    112.7500    945.7400   2399.7000
  1984       14.71     1083.98    -12.3066     -7.2185    233.3900    127.2900    112.5000    949.4100   2405.6500
  1985       14.76     1094.82    -12.8770     -7.2007    232.1400    126.6000    111.3100    952.5600   2411.4400
  1986       14.64     1105.76    -14.9964     -7.2807    236.0200    129.5500    111.9300    957.0600   2418.1400
  1987       14.70     1116.82    -14.0841     -7.0878    238.5900    130.9300    114.3500    960.8400   2424.6400
  1988       14.64     1127.99    -17.6524     -7.2294    244.6200    135.0100    114.6500    967.2900   2432.1800
  1989       14.72     1139.27    -12.3315     -7.1516    238.6400    130.3000    115.5700    970.9000   2439.1200
  1990       14.63     1150.66    -15.9309     -7.4289    244.0700    134.8400    116.2300    975.2200   2445.1200
  1991       14.76     1162.17    -10.7427     -7.4860    238.8400    130.6600    117.6200    979.1500   2450.8700
  1992       14.64     1173.79    -15.4118     -7.4895    243.3500    134.1900    116.3200    983.7200   2455.9600
  1993       14.80     1185.53    -10.4807     -7.4746    238.5100    130.2800    117.5700    987.7800   2461.2700
  1994       14.75     1197.38    -13.9845     -7.8348    242.0100    133.1200    116.5700    991.2400   2465.9400
  1995       14.75     1209.36    -16.4330     -7.7097    246.2800    136.1700    117.2200    995.7900   2472.1900
  1996       14.83     1221.45    -17.1293     -7.7235    253.1400    140.3300    120.5700   1002.1800   2479.1700
  1997       14.80     1233.67    -14.3385     -7.6695    244.3700    134.5700    117.8400   1006.7400   2487.2700
  1998       14.90     1246.00    -12.9865     -7.3620    245.1700    134.9300    119.7700   1009.3600   2492.7200
  1999       14.79     1258.46    -15.2524     -7.6555    249.3000    137.9200    120.1100   1014.3000   2498.7100
