  YEAR          ST         CO2 LA_CO2_FLUX OA_CO2_FLUX         GPP         NPP      HETRES       CLIVE       CDEAD
  1850       14.55      285.73      0.8073      0.1122    103.7600     46.7800     47.0600    376.9800   1726.0600
  1851       14.52      288.59      0.8542      0.0415    102.3400     46.3100     46.6500    376.6100   1726.4900
  1852       14.54      291.47      0.5970      0.1075    103.8700     47.2300     47.3000    376.8200   1726.7600
  1853       14.57      294.39      1.9877      0.1284    102.8200     46.1600     47.7300    376.5100   1726.2600
  1854       14.39      297.33      0.7740      0.1821    103.8700     47.0000     47.1900    376.8400   1725.9500
  1855       14.41      300.31     -0.0499      0.2027    103.9900     47.0700     46.5800    377.0000   1726.3000
  1856       14.48      303.31      1.4988      0.1135    102.3200     45.7600     46.7800    376.7100   1727.2500
  1857       14.53      306.34      1.6626      0.1267    102.4500     46.0600     47.3300    375.9100   1726.7000
  1858       14.45      309.40      0.0034      0.1092    104.8000     47.6200     47.0000    376.4100   1726.7100
  1859       14.48      312.50      1.1660      0.1341    103.5300     46.4900     47.1700    376.6900   1727.2000
  1860       14.62      315.62      2.7026      0.1771    102.3500     45.6100     47.8900    375.7600   1726.6000
  1861       14.60      318.78      0.0254      0.1548    105.5200     48.0700     47.5800    376.2300   1726.1600
  1862       14.67      321.97      1.8607      0.3153    101.3900     45.3000     46.9700    375.6400   1726.0400
  1863       14.78      325.19      1.1408      0.3097    104.2500     47.0300     47.7700    375.7900   1725.4300
  1864       14.86      328.44      1.9988      0.1382    103.1700     46.0100     47.6200    375.6700   1724.5900
  1865       14.75      331.72      0.9794      0.0639    104.7200     47.4400     47.8400    375.5200   1724.3400
  1866       14.92      335.04      3.9415      0.3049    100.6300     44.2700     48.0600    374.8100   1723.4800
  1867       14.83      338.39      0.3373      0.1664    103.6000     46.9000     46.7300    373.9700   1722.1700
  1868       14.84      341.78      0.0240      0.2518    105.5800     47.6900     47.3000    375.2900   1722.4800
  1869       14.83      345.19      0.8304      0.1497    103.6200     46.5900     47.0200    374.7600   1722.7600
  1870       14.89      348.64      2.4683      0.3223    101.9800     45.3300     47.3900    374.5100   1722.8400
  1871       14.78      352.13      1.5723      0.2709    102.6200     46.0000     47.1400    373.8400   1722.0700
  1872       14.99      355.65      2.8500      0.1937     99.9400     44.3800     46.9400    372.8600   1721.5800
  1873       14.76      359.21      1.7536      0.3197    100.8500     45.1200     46.4400    372.3000   1721.1000
  1874       14.92      362.80      0.3708      0.2057    105.8500     48.2500     48.0900    373.1800   1720.3000
  1875       14.98      366.43      1.5941      0.2011    103.6400     46.6700     47.8500    373.6800   1719.6700
  1876       15.03      370.09      2.8870      0.1269    101.8300     45.3100     48.0000    373.2600   1718.4000
  1877       14.95      373.79      2.7299      0.2067    101.9700     45.3900     47.7600    372.8200   1716.6800
  1878       15.02      377.53      1.9993      0.1107    100.9400     44.8300     46.3600    372.5400   1715.8100
  1879       15.15      381.31      3.1553      0.0962    101.4600     45.0300     47.8300    371.7700   1714.9000
  1880       15.12      385.12      2.0282      0.1732    100.9000     44.9100     46.7200    371.1100   1713.5000
  1881       15.15      388.97      2.4611      0.1988    101.7100     45.2100     47.4300    371.1400   1712.2600
  1882       14.97      392.86      1.0865      0.1565    102.9000     46.2400     46.8600    371.0200   1711.0500
  1883       15.03      396.79      1.7635      0.1482    105.2100     47.2600     48.5500    371.8900   1710.2100
  1884       15.14      400.76      4.0669      0.1750    100.4400     43.9700     47.8800    371.0000   1708.7300
  1885       15.06      404.77      2.7673      0.1368    101.1300     44.8900     47.2600    370.2900   1706.9100
  1886       15.16      408.81      2.8163      0.1872    102.4700     45.4400     47.8700    370.0400   1705.6300
  1887       15.19      412.90      2.8595      0.1779    100.5100     44.3700     46.9500    369.4200   1704.1600
  1888       15.19      417.03      2.8850      0.2366    101.6800     45.1200     47.7000    368.4600   1702.1800
  1889       15.12      421.20      0.1647      0.1707    105.2600     47.6500     47.2400    369.4600   1701.2200
  1890       15.23      425.41      4.8147      0.3122     98.7700     42.7500     47.4900    368.7500   1700.2000
  1891       15.24      429.67      3.9045      0.2677     99.8500     43.6100     47.2400    367.1900   1697.8000
  1892       15.24      433.96      2.1404      0.1994    102.7000     45.6700     47.3800    367.4800   1696.1500
  1893       15.29      438.30      2.7056      0.2632    104.2400     46.4100     48.8000    367.3700   1693.9100
  1894       15.28      442.69      1.3892      0.2017    104.9400     46.9800     47.9800    368.3600   1692.1900
  1895       15.44      447.11      4.9455      0.2582     98.7700     42.8100     47.6700    367.1900   1690.7100
  1896       15.38      451.58      4.2696      0.3195     99.1100     43.4600     47.4400    365.7600   1687.8600
  1897       15.32      456.10      1.2958      0.2072    103.5400     46.4500     47.3100    366.5700   1685.7400
  1898       15.36      460.66      4.3400      0.2996    101.5100     44.4700     48.5300    366.2500   1683.9100
  1899       15.28      465.27      1.0527      0.2814    102.4700     45.9200     46.5700    366.3200   1682.0700
  1900       15.43      469.92      2.3887      0.2621    101.4500     44.7700     47.0000    366.6700   1681.1300
  1901       15.36      474.62      2.8673      0.2557    100.9700     44.7300     47.2300    365.6100   1679.6700
  1902       15.39      479.37      2.6850      0.2725    102.3700     45.0400     47.3700    366.2700   1678.0200
  1903       15.55      484.16      3.7731      0.2974    100.4700     43.9700     47.4300    365.2200   1676.4900
  1904       15.57      489.00      3.6613      0.3820    100.4000     43.9100     47.3300    364.6900   1674.3600
  1905       15.56      493.89      3.7409      0.4819    100.5200     44.0500     47.6400    363.7600   1671.8600
  1906       15.65      498.83      5.3135      0.2686     98.0100     42.0400     47.2300    363.2800   1669.7200
  1907       15.64      503.82      3.6856      0.3355     99.7300     43.7100     47.1300    361.7400   1666.9500
  1908       15.75      508.86      4.2688      0.2869     98.7100     42.9600     47.1100    361.7700   1664.5800
  1909       15.73      513.95      3.7655      0.2639     99.7700     43.7700     47.3400    360.5100   1661.6600
  1910       15.78      519.08      4.0344      0.1486     97.7000     42.0400     45.9800    360.5000   1659.5500
  1911       15.74      524.28      1.8847      0.3228    102.2400     45.6800     47.1500    359.8000   1657.4500
  1912       15.82      529.52      2.8765      0.3382     99.3200     43.3300     46.0600    360.2800   1656.1400
  1913       15.77      534.81      3.0889      0.3587     99.9600     43.7400     46.4800    359.7100   1654.4800
  1914       15.92      540.16      2.3153      0.3446    101.2600     44.5000     46.5900    359.9100   1652.6500
  1915       15.94      545.56      4.1502      0.3952     99.3200     43.1100     46.9900    359.3600   1650.7000
  1916       15.94      551.02      3.6225      0.1708     97.1700     42.2500     45.6900    358.4900   1648.6000
  1917       16.07      556.53      4.1375      0.2737     98.1400     42.4800     46.5200    357.8200   1646.2300
  1918       16.04      562.09      4.1372      0.3399     96.5800     41.6600     45.6600    357.0700   1644.0100
  1919       16.07      567.72      3.2979      0.3820     96.4000     41.9400     44.9800    355.7100   1642.2100
  1920       16.21      573.39      4.1027      0.4906     99.1800     42.9500     46.9000    355.7400   1639.8800
  1921       16.18      579.13      4.5809      0.4166     97.1300     41.6700     46.1600    354.9500   1637.3700
  1922       16.15      584.92      4.2855      0.3064     98.7400     42.9200     46.9000    354.0500   1634.3800
  1923       16.05      590.77      4.7199      0.3618     95.8600     40.9400     45.5300    353.4500   1631.9200
  1924       16.20      596.67      4.6803      0.3973     97.9700     42.3200     46.8600    352.4700   1628.7600
  1925       16.19      602.64      3.9739      0.3854     99.7200     43.3900     47.2100    352.7800   1625.5100
  1926       16.18      608.67      3.2697      0.2784     98.3000     42.6900     45.5500    352.3200   1623.0600
  1927       16.40      614.75      6.5573      0.3528     96.8300     40.9800     47.6300    351.7600   1620.3900
  1928       16.49      620.90      6.8934      0.4251     96.6500     40.9900     47.9900    350.2400   1615.6100
  1929       16.48      627.11      3.3242      0.3525     99.1200     42.9900     46.1700    350.0000   1611.5300
  1930       16.50      633.38      3.9281      0.2538     99.7600     43.3900     47.1000    350.1800   1608.7500
  1931       16.55      639.72      5.6395      0.3352     96.9600     41.4200     47.0300    349.6000   1605.2700
  1932       16.49      646.11      5.4159      0.3871     96.9900     41.4100     46.6900    348.8000   1601.3700
  1933       16.58      652.57      5.8435      0.3075     95.4900     40.5400     46.2900    347.9200   1597.8300
  1934       16.58      659.10      4.8236      0.3907     96.4200     41.1900     46.0000    347.1100   1594.3300
  1935       16.53      665.69      4.5859      0.3909     95.8400     40.9900     45.4000    346.4300   1591.4800
  1936       16.58      672.35      4.8715      0.2521     96.1300     41.1100     45.7800    345.7900   1588.6500
  1937       16.67      679.07      4.8658      0.2559     96.0800     40.9300     45.6800    345.2100   1585.7000
  1938       16.76      685.86      4.8358      0.2701     96.3200     41.2000     45.9700    344.3900   1582.4900
  1939       16.75      692.72      5.6287      0.2171     95.2400     40.4400     45.9200    343.7000   1579.1600
  1940       16.79      699.65      5.0078      0.2367     96.2300     41.1800     46.1900    343.3100   1575.3600
  1941       16.83      706.64      6.9489      0.3936     93.9700     39.4000     46.3200    341.8100   1571.1800
  1942       16.89      713.71      5.1646      0.3600     95.6600     40.6600     45.7800    341.7000   1567.0600
  1943       16.85      720.85      4.7642      0.3215     97.4800     41.7100     46.2800    341.0200   1563.0500
  1944       16.86      728.06      5.1239      0.4104     96.2400     40.7700     46.0000    341.2200   1559.7200
  1945       16.94      735.34      5.7183      0.4561     95.3500     40.2400     45.8900    340.3200   1555.9400
  1946       16.90      742.69      4.9409      0.3216     95.1800     40.2700     45.1100    339.6000   1552.5500
  1947       16.84      750.12      4.9843      0.1630     96.0800     40.5800     45.3600    339.2700   1549.5500
  1948       17.01      757.62      5.5730      0.2343     94.2500     39.4300     45.0400    338.3000   1546.0500
  1949       16.99      765.19      5.1332      0.4274     96.8600     41.1300     46.0800    337.8100   1542.3000
  1950       17.08      772.85      6.0160      0.4527     93.8000     39.2600     45.2400    336.6000   1538.6300
  1951       17.13      780.58      4.2651      0.4779     95.9600     40.8900     45.0600    336.5400   1535.2800
  1952       17.18      788.38      5.0781      0.5854     95.0000     40.3600     45.4500    336.1400   1531.7200
  1953       17.22      796.26      4.7553      0.4692     95.7300     40.7900     45.5000    336.0500   1527.7700
  1954       17.26      804.23      5.7951      0.3814     94.0300     39.5800     45.2500    335.7600   1524.5800
  1955       17.25      812.27      5.3685      0.4466     93.4400     39.4800     44.8500    334.6900   1520.4900
  1956       17.35      820.39      6.2962      0.5182     92.7200     38.5100     44.7600    334.0600   1516.8200
  1957       17.13      828.60      4.8107      0.5268     93.6900     39.6900     44.3600    333.0300   1513.5900
  1958       17.29      836.88      4.5907      0.3639     94.0500     39.7200     44.2200    333.1700   1510.8500
  1959       17.40      845.25      6.0959      0.3703     91.5900     38.2900     44.3300    331.8800   1507.6400
  1960       17.31      853.70      5.7918      0.3179     93.4700     39.3400     45.0200    331.2900   1503.9000
  1961       17.33      862.24      5.6718      0.4318     92.3000     38.5300     44.0600    330.5000   1500.4600
  1962       17.41      870.86      4.1398      0.3984     94.0300     39.9300     43.9900    330.1900   1497.3500
  1963       17.53      879.57      5.7277      0.3759     93.0600     38.8300     44.6800    329.9300   1493.9500
  1964       17.51      888.37      4.6953      0.4448     94.8300     40.0500     44.6900    329.4900   1490.3000
  1965       17.53      897.25      5.2427      0.5072     95.1400     40.0100     45.2700    329.5200   1486.6300
  1966       17.70      906.22      7.2558      0.4422     90.5700     37.1200     44.5900    328.6000   1482.9000
  1967       17.71      915.29      6.2209      0.3024     94.0100     39.4800     45.6400    327.2700   1477.7100
  1968       17.62      924.44      5.4869      0.3586     93.3000     38.9600     44.3700    327.7600   1473.6700
  1969       17.82      933.68      7.2695      0.4807     94.7400     39.2700     46.5700    327.0300   1468.7400
  1970       17.68      943.02      5.5385      0.4065     93.1500     38.7700     44.3100    326.5700   1464.4000
  1971       17.85      952.45      9.0036      0.4368     89.8900     36.4000     45.5400    324.9900   1460.0500
  1972       17.77      961.97      4.3977      0.3311     93.0200     39.0200     43.2900    324.3200   1455.4500
  1973       17.77      971.59      5.6530      0.4925     91.9900     37.9800     43.6200    323.7300   1452.4400
  1974       17.80      981.31      5.3480      0.4176     93.3000     38.8300     44.1800    323.4100   1448.9000
  1975       17.93      991.12      8.2485      0.4384     89.0600     35.8700     44.2900    322.2400   1444.8300
  1976       18.08     1001.03      7.3757      0.3963     91.2900     37.4500     44.7700    320.8000   1439.6700
  1977       18.01     1011.04      4.3844      0.3898     93.7200     39.4500     43.9500    321.0700   1435.1100
  1978       17.97     1021.16      6.1885      0.4464     92.1500     38.2100     44.4100    320.8900   1431.3500
  1979       18.12     1031.37      6.0132      0.4587     91.5700     37.7700     43.8700    320.4700   1427.0700
  1980       18.12     1041.68      6.9647      0.5559     92.2600     37.7300     44.7700    319.5900   1422.5100
  1981       17.99     1052.10      5.2588      0.5180     91.9600     38.0700     43.2900    319.2000   1418.9000
  1982       18.06     1062.62      6.2752      0.5046     90.4500     37.0900     43.3800    318.1500   1415.3100
  1983       18.20     1073.24      7.1314      0.4516     91.1800     37.2800     44.5400    317.6300   1410.9600
  1984       18.31     1083.98      7.5730      0.5178     91.2200     37.1400     44.8200    316.8300   1405.8800
  1985       18.26     1094.82      6.1421      0.5086     90.8300     37.2800     43.4400    316.0500   1401.1400
  1986       18.29     1105.76      7.7105      0.4568     87.7600     35.1900     43.0700    314.7400   1397.0700
  1987       18.36     1116.82      4.9014      0.3812     90.6800     37.5000     42.4800    314.0100   1392.9800
  1988       18.38     1127.99      6.3996      0.5647     91.8000     37.8000     44.2700    314.1400   1388.8700
  1989       18.37     1139.27      7.1588      0.6469     89.1600     35.8000     43.1200    313.5600   1384.5300
  1990       18.42     1150.66      6.8846      0.6380     90.4300     36.7900     43.7000    312.4300   1380.2000
  1991       18.57     1162.17      8.8059      0.6262     87.9000     34.7400     43.8300    311.3900   1375.5800
  1992       18.50     1173.79      6.2818      0.4264     89.6000     36.6900     43.0000    309.8400   1370.5700
  1993       18.56     1185.53      6.0712      0.4833     90.5400     37.0200     43.2100    309.8000   1366.2200
  1994       18.67     1197.38      7.5954      0.4268     88.7500     35.7200     43.3900    309.0900   1361.8400
  1995       18.58     1209.36      6.1503      0.4362     88.7900     36.2300     42.2600    308.1600   1357.7100
  1996       18.69     1221.45      7.5388      0.5880     89.7300     36.4100     44.0300    307.7500   1353.0000
  1997       18.88     1233.67      8.2629      0.7395     89.5500     35.9300     44.5100    307.2400   1347.1500
  1998       18.91     1246.00      9.1418      0.6738     89.0300     35.5000     44.8900    306.2800   1340.8600
  1999       18.85     1258.46      4.8814      0.5599     91.4600     37.5600     42.5400    306.1700   1335.3000
