  YEAR          ST         CO2 LA_CO2_FLUX OA_CO2_FLUX         GPP         NPP      HETRES       CLIVE       CDEAD
  1850       14.35      286.89     -2.2500     -0.2000    111.4500     46.1500     43.9000    689.5900    973.8100
  1851       14.45      289.76     -1.9900     -0.6700    112.1200     46.3800     44.3900    691.2300    974.5800
  1852       14.49      292.66     -0.9000     -0.9100    111.2000     45.6500     44.7500    692.4000    975.1800
  1853       14.54      295.58     -0.9300     -1.2900    110.8900     45.6300     44.7000    693.2700    975.2700
  1854       14.60      298.54     -1.2700     -1.3600    111.2100     46.2200     44.9500    693.8300    975.5400
  1855       14.38      301.52     -3.3700     -1.5400    114.2000     47.9200     44.5500    695.0100    975.7000
  1856       14.62      304.54     -0.7300     -1.8800    113.0000     46.3300     45.6000    697.2600    976.9400
  1857       14.54      307.59     -1.4000     -1.9000    113.1900     46.7300     45.3300    697.6300    977.0800
  1858       14.50      310.66     -3.0000     -2.1000    115.7500     48.2900     45.2900    698.7300    977.4400
  1859       14.45      313.77     -4.1200     -2.3900    118.2100     49.3200     45.2100    701.3600    978.2200
  1860       14.54      316.91     -3.8800     -2.4600    119.3300     49.6700     45.7900    704.0900    979.6200
  1861       14.43      320.07     -4.2700     -2.5600    120.4100     50.1600     45.8900    706.5800    980.7800
  1862       14.48      323.28     -4.4500     -2.7200    121.2400     50.5500     46.1000    709.4700    982.3600
  1863       14.47      326.51     -3.8300     -2.6700    121.3500     50.5000     46.6700    712.1000    983.9600
  1864       14.55      329.77     -3.4300     -2.8700    121.7800     50.4700     47.0500    714.6900    985.3300
  1865       14.58      333.07     -4.2500     -2.9200    122.7200     51.3300     47.0800    716.7400    986.5200
  1866       14.42      336.40     -5.2800     -2.9600    125.3600     52.2700     46.9900    719.8500    987.8600
  1867       14.43      339.77     -4.2600     -3.3300    124.9200     51.6600     47.3900    723.1400    989.8700
  1868       14.55      343.16     -3.9600     -3.3400    124.9600     51.9100     47.9500    725.3700    991.7600
  1869       14.53      346.59     -4.1500     -3.2800    125.7400     52.2600     48.1100    728.0000    993.1500
  1870       14.50      350.06     -3.6000     -3.2400    125.5400     51.7900     48.1900    730.5400    994.7100
  1871       14.40      353.56     -4.7400     -3.5000    128.5700     53.0800     48.3400    732.7900    996.3000
  1872       14.50      357.10     -4.3500     -3.7900    129.0500     53.1700     48.8200    735.8800    997.9000
  1873       14.57      360.67     -5.0400     -3.6300    129.9700     53.9100     48.8800    738.7100    999.4100
  1874       14.61      364.27     -3.3600     -3.7400    129.4500     52.7300     49.3700    741.8700   1001.2900
  1875       14.68      367.92     -4.6000     -3.7200    129.8100     53.7500     49.1500    743.4900   1002.8400
  1876       14.62      371.60     -4.1200     -3.8900    131.0200     53.6200     49.4900    746.6200   1004.5600
  1877       14.70      375.31     -2.9100     -4.0700    130.1000     52.9800     50.0700    748.8100   1006.2400
  1878       14.52      379.07     -4.9500     -3.9600    132.4000     54.5200     49.5700    750.6700   1007.4700
  1879       14.64      382.86     -4.4200     -4.1100    134.1500     54.6600     50.2400    753.7900   1009.5000
  1880       14.70      386.69     -3.5500     -4.1300    132.8400     54.2000     50.6500    756.2500   1011.0900
  1881       14.74      390.55     -3.3400     -4.1500    133.3600     53.9000     50.5600    758.8900   1012.4100
  1882       14.77      394.46     -2.9100     -4.3500    132.7600     53.6700     50.7500    760.4500   1013.9000
  1883       14.43      398.40     -4.3800     -4.1900    134.6700     54.4900     50.1100    762.2200   1015.1600
  1884       14.41      402.39     -2.5100     -4.5200    134.0900     53.1700     50.6600    764.5800   1017.3200
  1885       14.61      406.41     -3.2800     -4.5700    132.4700     53.9300     50.6400    765.2400   1018.9100
  1886       14.38      410.47     -3.8200     -4.4600    135.4300     54.3900     50.5700    767.4800   1020.3400
  1887       14.40      414.58     -3.3000     -4.6900    135.9700     53.9600     50.6600    769.4700   1022.1900
  1888       14.48      418.72     -3.0200     -4.7100    135.7900     54.2500     51.2300    770.8600   1023.9600
  1889       14.45      422.91     -2.8900     -4.6900    136.7000     54.0100     51.1200    772.9000   1025.2500
  1890       14.47      427.14     -2.3900     -4.7800    136.4800     53.5400     51.1500    773.9200   1026.8600
  1891       14.45      431.41     -2.9600     -4.9000    136.5800     53.9200     50.9600    774.8900   1028.2100
  1892       14.74      435.73     -1.4400     -5.0200    135.5100     53.2200     51.7800    776.0100   1029.8500
  1893       14.71      440.08     -2.4700     -4.9800    136.3400     54.4100     51.9400    776.6400   1030.6500
  1894       14.47      444.48     -3.2400     -4.7200    140.0200     54.9300     51.6800    778.8700   1031.2600
  1895       14.43      448.93     -4.1500     -5.0800    140.7500     55.5800     51.4400    781.0700   1032.6000
  1896       14.58      453.42     -3.5300     -5.0400    140.8500     55.5700     52.0500    783.1200   1034.4400
  1897       14.56      457.95     -1.4000     -5.0700    139.0500     53.6500     52.2500    785.1800   1035.9900
  1898       14.58      462.53     -2.4000     -5.3200    139.7300     54.5800     52.1800    785.4700   1037.0700
  1899       14.49      467.16     -2.3700     -5.1700    140.3400     54.4900     52.1200    786.7200   1038.2000
  1900       14.55      471.83     -2.8500     -5.3500    140.5200     55.0000     52.1600    787.7300   1039.4100
  1901       14.73      476.55     -1.5100     -5.3300    139.3000     54.3300     52.8200    789.1000   1040.6900
  1902       14.68      481.31     -1.7300     -5.3700    139.7100     54.2500     52.5300    789.9500   1041.4400
  1903       14.70      486.13     -2.0000     -5.3300    140.2700     54.7400     52.7400    790.9400   1042.3500
  1904       14.72      490.99     -1.7300     -5.3400    140.1400     54.3400     52.6100    792.1600   1043.1800
  1905       14.68      495.90     -2.4000     -5.3400    141.7900     55.2100     52.8100    792.8900   1044.0400
  1906       14.64      500.86     -1.9500     -5.5700    142.0000     54.7300     52.7800    794.6200   1044.8700
  1907       14.64      505.86     -2.6900     -5.4100    142.9500     55.5300     52.8400    795.6400   1045.7600
  1908       14.55      510.92     -2.3100     -5.4800    143.2000     55.1100     52.8100    797.3800   1046.7200
  1909       14.59      516.03     -1.9400     -5.6800    141.7300     54.7000     52.7600    798.3700   1048.0200
  1910       14.74      521.19     -1.5500     -5.5200    142.4000     55.1200     53.5700    799.0000   1049.1300
  1911       14.74      526.40     -0.5200     -5.7500    141.8400     54.0800     53.5600    800.4300   1049.4900
  1912       14.85      531.67     -1.9500     -5.7500    143.0500     55.7500     53.8000    800.5800   1049.8200
  1913       14.76      536.99     -2.2100     -5.8600    142.6800     55.2800     53.0700    802.2900   1050.0800
  1914       14.59      542.36     -2.2800     -5.7200    143.3600     54.7700     52.4800    803.5200   1051.1700
  1915       14.76      547.78     -1.1500     -5.8800    141.6700     54.2000     53.0500    804.0700   1052.7000
  1916       14.78      553.26     -1.8700     -5.8500    143.4900     55.2600     53.3900    804.3800   1053.6600
  1917       14.68      558.79     -2.2500     -5.6000    144.7500     55.5900     53.3400    805.5000   1054.5000
  1918       14.56      564.38     -2.5300     -5.6900    147.2300     55.9800     53.4500    807.0300   1055.6700
  1919       14.64      570.02     -2.5400     -5.9600    147.0200     56.1800     53.6500    807.9800   1056.8300
  1920       14.66      575.72     -0.7900     -5.9200    145.2200     54.6700     53.8800    809.3800   1057.9400
  1921       14.59      581.48     -2.9400     -6.0600    147.0700     56.5800     53.6400    809.2400   1058.5500
  1922       14.47      587.29     -2.1900     -5.9500    148.6200     55.8800     53.6900    811.5300   1059.7600
  1923       14.54      593.17     -2.6000     -6.1800    148.2800     56.5900     53.9900    812.5000   1061.0600
  1924       14.68      599.10     -0.3800     -6.1400    144.8000     54.8900     54.5100    813.5900   1062.1700
  1925       14.68      605.09     -0.5600     -6.1100    145.5100     55.0800     54.5200    813.5100   1062.6700
  1926       14.71      611.14     -2.0900     -6.0400    147.4000     55.9800     53.8800    813.8900   1062.8600
  1927       14.71      617.25     -1.6400     -6.2400    148.2000     55.9100     54.2700    815.1400   1063.8300
  1928       14.83      623.42     -2.2800     -6.2700    148.8600     56.9000     54.6200    816.1500   1064.3300
  1929       14.78      629.66     -0.6500     -5.9900    147.8100     54.9900     54.3400    817.9100   1064.9700
  1930       14.73      635.95     -1.0500     -6.0400    148.0100     55.5500     54.5000    817.7500   1065.7400
  1931       14.69      642.31     -3.0100     -6.1700    150.4100     57.3800     54.3800    818.3300   1066.2900
  1932       14.77      648.74     -1.3700     -6.0900    150.3700     56.0600     54.7000    820.5700   1067.3000
  1933       14.90      655.22     -1.8200     -6.2500    150.0000     57.0900     55.2700    820.9000   1068.0100
  1934       15.00      661.78     -1.6200     -6.1100    150.2600     57.3200     55.7000    822.6000   1068.1000
  1935       14.72      668.39     -1.2200     -6.1600    149.8600     55.9700     54.7500    824.2300   1068.2300
  1936       14.81      675.08     -1.5200     -6.3200    151.1400     56.6200     55.1000    824.6100   1069.1900
  1937       14.71      681.83     -1.9800     -6.3500    151.3000     56.9900     55.0000    825.5200   1069.6700
  1938       14.61      688.65     -1.6500     -6.3000    151.1700     56.3600     54.7100    826.5800   1070.5400
  1939       14.65      695.53     -2.0600     -6.4300    152.4800     57.2600     55.2000    827.3500   1071.5600
  1940       14.56      702.49     -1.8500     -6.2800    153.6900     57.1800     55.3200    828.8300   1072.2900
  1941       14.67      709.51     -2.9300     -6.5500    154.0400     58.1700     55.2300    829.6400   1073.1200
  1942       14.75      716.61     -1.4000     -6.3400    153.6000     56.9600     55.5600    831.5400   1074.1800
  1943       14.68      723.78     -1.1700     -6.3800    151.8500     56.2900     55.1200    831.9000   1075.0100
  1944       14.56      731.01     -0.4400     -6.3300    152.3200     55.7700     55.3300    832.3300   1076.1300
  1945       14.72      738.32     -1.6400     -6.6600    153.0900     57.2000     55.5500    832.1300   1076.7500
  1946       14.65      745.71     -0.8200     -6.2300    152.5300     56.2200     55.4000    833.2800   1077.2100
  1947       14.76      753.16     -1.4600     -6.4900    153.3300     57.2200     55.7600    833.1300   1077.8700
  1948       14.71      760.70     -2.0700     -6.4800    153.6300     57.9300     55.8600    834.0100   1078.2900
  1949       14.66      768.30     -0.1900     -6.5300    153.2700     55.9800     55.7900    835.8600   1078.8900
  1950       14.64      775.99     -1.7400     -6.7100    153.9700     57.3700     55.6300    835.6000   1079.3500
  1951       14.67      783.75     -1.2200     -6.2700    153.6100     56.8800     55.6600    836.5200   1080.0900
  1952       14.63      791.58     -0.1600     -6.4700    152.8200     55.7100     55.5500    837.0600   1080.8200
  1953       14.59      799.50     -1.1500     -6.6200    153.4900     56.5700     55.4200    836.5600   1081.5100
  1954       14.69      807.49     -0.8300     -6.5700    153.5700     56.8300     56.0000    837.0700   1082.2500
  1955       14.68      815.57     -2.4100     -6.5100    155.7600     58.3200     55.9200    837.3700   1082.4300
  1956       14.49      823.72     -1.1400     -6.4900    154.8900     56.6800     55.5400    839.5500   1083.1400
  1957       14.66      831.96     -0.5100     -6.9700    153.6300     56.7000     56.2000    839.3200   1084.1600
  1958       14.69      840.28     -1.4100     -6.4300    154.3500     57.5900     56.1800    839.3900   1084.4300
  1959       14.59      848.68     -1.1000     -6.3900    155.3100     56.9000     55.8000    840.6000   1084.7600
  1960       14.57      857.17     -0.7000     -6.6100    154.4700     56.3400     55.6300    841.1900   1085.5700
  1961       14.50      865.74     -1.0500     -6.6100    155.8000     57.0000     55.9500    841.0100   1086.4600
  1962       14.62      874.40     -1.6400     -7.0000    156.8100     57.8600     56.2200    841.6600   1087.0200
  1963       14.69      883.14     -1.5000     -6.9600    156.5400     57.7800     56.2800    842.5800   1087.4500
  1964       14.76      891.98     -0.9600     -6.6600    156.8500     57.4900     56.5400    843.4500   1088.0000
  1965       14.76      900.89     -0.8000     -6.8100    156.0200     57.3000     56.5100    844.0800   1088.3700
  1966       14.77      909.90     -1.6000     -6.8700    156.8700     58.1200     56.5200    844.4700   1088.6000
  1967       14.84      919.00     -0.4200     -6.4300    156.5500     57.0500     56.6300    845.7700   1088.8100
  1968       14.86      928.19     -1.5400     -6.8200    157.8500     58.1100     56.5700    846.2600   1089.0000
  1969       14.96      937.47     -0.8000     -6.8900    155.6900     57.7100     56.9200    847.1100   1089.4400
  1970       14.94      946.85     -1.5700     -6.6800    157.1800     58.3000     56.7300    847.9600   1089.5100
  1971       14.79      956.32     -0.8700     -6.5400    157.1800     57.3600     56.4800    849.2800   1089.9600
  1972       14.64      965.88     -0.4300     -6.6200    156.2500     56.6300     56.2000    849.3900   1090.5800
  1973       14.56      975.54     -2.2600     -6.5900    159.6900     58.5600     56.2900    849.3800   1091.2700
  1974       14.64      985.30     -1.2100     -7.1500    158.8900     57.5400     56.3400    851.0200   1092.1400
  1975       14.64      995.15     -1.6000     -6.9700    158.9400     58.1600     56.5600    851.0000   1093.1200
  1976       14.61     1005.10     -1.3100     -6.7900    159.2800     57.9000     56.5800    851.9900   1093.9200
  1977       14.64     1015.15     -0.4100     -7.0800    158.4400     57.4700     57.0600    852.3300   1094.8000
  1978       14.72     1025.30     -1.1100     -6.8300    158.6700     58.3500     57.2400    852.1200   1095.1000
  1979       14.67     1035.56     -1.8100     -6.8100    160.5900     58.6600     56.8400    853.2500   1095.3500
  1980       14.72     1045.91     -0.8100     -7.1000    160.6900     58.3100     57.4900    854.3200   1096.0800
  1981       14.73     1056.37     -2.6000     -6.7900    162.3400     59.9300     57.3300    855.0400   1096.3000
  1982       14.65     1066.93     -0.7700     -6.5400    160.9700     58.0500     57.2900    856.9100   1096.9700
  1983       14.66     1077.60     -0.6800     -7.1100    161.3800     57.7700     57.0900    857.3100   1097.6700
  1984       14.76     1088.38     -1.5100     -7.0300    162.0500     59.3100     57.8000    856.9600   1098.4700
  1985       14.62     1099.26     -1.4000     -6.9600    161.9000     58.8200     57.4200    858.1100   1098.5800
  1986       14.60     1110.26     -0.6400     -7.0800    161.4100     58.0800     57.4300    858.8900   1099.3800
  1987       14.78     1121.36     -0.8800     -6.9200    161.6700     58.6600     57.7800    859.2600   1099.8300
  1988       14.82     1132.57     -1.2200     -6.6400    161.7400     59.0500     57.8300    859.5900   1099.8200
  1989       14.78     1143.90     -0.7400     -6.5900    161.3600     58.3000     57.5600    860.7700   1100.0400
