  YEAR          ST         CO2 LA_CO2_FLUX OA_CO2_FLUX         GPP         NPP      HETRES       CLIVE       CDEAD
  1850       14.31      284.05     -2.1500      0.2400    110.6200     45.7800     43.6300    689.5600    973.8100
  1851       14.45      284.05     -0.4700      0.0500    108.9100     44.5400     44.0700    690.8800    974.7300
  1852       14.52      284.05      0.1800      0.1500    107.2900     43.9000     44.0800    690.7200    975.1400
  1853       14.39      284.05     -0.5100      0.2100    108.0500     44.5500     44.0300    690.4000    975.2500
  1854       14.38      284.05     -1.4500      0.0900    109.1800     45.3400     43.8900    691.0500    975.4100
  1855       14.49      284.05      1.2200     -0.0800    107.1100     43.2200     44.4400    691.8900    975.9100
  1856       14.46      284.05      1.6100     -0.1000    103.8600     42.1100     43.7300    690.4600    975.8200
  1857       14.48      284.05      1.8700      0.0700    103.0200     41.9400     43.8100    689.0600    975.6600
  1858       14.49      284.05      1.2300      0.1300    103.6800     42.6000     43.8300    687.5700    975.2600
  1859       14.50      284.05      0.4800      0.1900    105.4300     43.4000     43.8800    687.0700    974.7100
  1860       14.59      284.05      2.7700      0.0400    102.5900     41.0900     43.8600    686.8100    974.2300
  1861       14.61      284.05      3.0300      0.0400    101.0500     40.3600     43.3900    684.6800    973.4300
  1862       14.57      284.05      1.9100      0.2400    101.4000     40.9000     42.8100    682.6800    972.4600
  1863       14.50      284.05     -0.1800      0.2900    104.8000     43.0000     42.8200    681.7400    971.7700
  1864       14.47      284.05     -1.4400      0.1500    107.3700     44.4000     42.9600    682.5400    971.3400
  1865       14.51      284.05     -0.4000      0.0100    105.9800     43.3900     42.9900    683.8700    971.3800
  1866       14.43      284.05     -0.7700      0.0700    107.0700     43.9800     43.2100    684.1300    971.5000
  1867       14.43      284.05     -2.3900      0.0700    109.5300     45.5500     43.1500    685.0000    971.5400
  1868       14.29      284.05     -2.9500      0.1600    110.6200     46.2600     43.3100    686.8700    972.0900
  1869       14.48      284.05     -0.9300      0.0400    109.2600     44.8800     43.9500    688.7700    973.0100
  1870       14.51      284.05      1.2400      0.1300    105.8800     42.9800     44.2200    688.9200    973.4600
  1871       14.40      284.05     -0.2500      0.1800    106.8400     44.0200     43.7700    688.0100    973.3400
  1872       14.48      284.05      0.3200      0.0800    106.8300     43.6800     44.0100    688.1300    973.5000
  1873       14.54      284.05      1.4100     -0.0000    104.6300     42.4200     43.8300    687.6200    973.4600
  1874       14.45      284.05     -0.6800      0.2000    107.5400     44.2900     43.6100    686.7700    973.2500
  1875       14.56      284.05      1.4300     -0.0100    105.4500     42.6300     44.0500    687.3200    973.2600
  1876       14.56      284.05      1.9600      0.2100    103.1200     41.6400     43.6000    686.0700    972.7400
  1877       14.40      284.05     -2.0600      0.1900    107.9500     45.0700     43.0100    685.0500    972.2100
  1878       14.60      284.05     -0.4600      0.0600    107.7500     44.1800     43.7200    686.7700    972.6400
  1879       14.66      284.05      1.2200      0.0800    105.7200     42.6100     43.8300    686.9200    972.5600
  1880       14.61      284.05      0.6300      0.0200    105.5100     42.9900     43.6200    686.0500    972.2100
  1881       14.52      284.05     -0.2500      0.1700    106.7500     43.7700     43.5100    685.8200    971.9700
  1882       14.48      284.05     -1.6000      0.1900    108.5300     44.9600     43.3600    686.4000    971.8900
  1883       14.61      284.05      0.8900     -0.0100    106.6700     42.9700     43.8600    687.5200    972.2600
  1884       14.64      284.05      0.8700      0.0300    105.9100     42.8600     43.7200    686.6000    972.0900
  1885       14.60      284.05      0.6600      0.1400    105.7500     43.0500     43.7000    686.0200    971.8000
  1886       14.44      284.05      0.0900      0.2400    106.0000     43.2100     43.3000    685.9400    971.3500
  1887       14.50      284.05     -0.9800      0.1000    107.9800     44.5100     43.5300    685.8600    971.4100
  1888       14.58      284.05      0.1600     -0.0200    107.1700     43.6500     43.8100    686.6900    971.5300
  1889       14.62      284.05      1.2800      0.1500    104.6100     42.4400     43.7200    686.3100    971.4400
  1890       14.43      284.05     -0.8500      0.2100    106.6500     44.1200     43.2700    685.5100    971.2200
  1891       14.48      284.05      0.3100      0.2200    106.5100     43.2700     43.5800    686.0000    971.5700
  1892       14.46      284.05      0.0200      0.3600    105.9200     43.2800     43.3000    685.5300    971.6200
  1893       14.49      284.05      0.6800      0.3200    106.5600     43.2100     43.8800    685.5900    971.6300
  1894       14.51      284.05      1.0900      0.1300    104.8900     42.3600     43.4500    685.4900    971.2200
  1895       14.65      284.05      2.2400     -0.0300    103.1100     41.3800     43.6200    684.5800    970.9300
  1896       14.52      284.05      0.5600      0.1900    103.2800     42.3400     42.9000    682.8000    970.2200
  1897       14.49      284.05     -0.5600      0.1600    106.1900     43.6200     43.0600    682.7700    970.1200
  1898       14.56      284.05      0.3600      0.2300    105.5700     43.0300     43.3900    682.9200    970.1600
  1899       14.44      284.05     -1.1400      0.2500    107.5300     44.3900     43.2400    683.0200    970.0700
  1900       14.58      284.05      0.5900      0.0800    106.4900     43.1800     43.7700    684.0200    970.1300
  1901       14.61      284.05      1.6100      0.2100    104.1300     41.8900     43.5000    683.4800    969.8000
  1902       14.32      284.05     -1.3400      0.1500    107.0700     44.3500     43.0100    682.5700    969.3700
  1903       14.43      284.05     -0.4700      0.0200    107.0200     43.8800     43.4100    683.6300    969.7000
  1904       14.56      284.05      0.6000      0.1300    105.9600     43.0300     43.6300    683.7300    969.7900
  1905       14.63      284.05      0.3300      0.3400    106.2300     43.4500     43.7800    683.2800    969.6600
  1906       14.54      284.05     -0.4700      0.0400    107.1000     44.0600     43.5900    683.2400    969.4000
  1907       14.62      284.05      0.5600      0.1000    106.7700     43.3800     43.9400    683.9200    969.3100
  1908       14.63      284.05      0.3500      0.1600    106.1600     43.3300     43.6800    683.5400    968.9900
  1909       14.58      284.05     -0.3900      0.1300    106.6500     43.7900     43.4000    683.4700    968.7900
  1910       14.58      284.05      0.8600      0.2400    104.9000     42.6300     43.5000    683.5700    968.9100
  1911       14.39      284.05     -0.8400      0.4000    106.6700     44.0700     43.2300    683.0900    968.8200
  1912       14.38      284.05     -1.1300      0.3100    108.1600     44.6900     43.5600    683.8000    969.0200
  1913       14.38      284.05     -1.4500      0.1600    108.0600     44.6700     43.2200    684.6400    969.2100
  1914       14.46      284.05     -0.4200      0.1300    107.6400     44.0500     43.6400    685.3100    969.8900
  1915       14.36      284.05     -2.1200      0.2000    109.6500     45.5600     43.4400    685.7300    970.0700
  1916       14.40      284.05     -0.8700      0.0900    108.8600     44.7700     43.9000    687.1900    970.7400
  1917       14.36      284.05      0.2400      0.1000    107.1600     43.5800     43.8200    687.7000    971.0500
  1918       14.36      284.05     -0.7700      0.0300    107.6900     44.2700     43.5100    687.1200    971.2900
  1919       14.38      284.05     -0.2700     -0.0800    107.5100     43.9800     43.7100    687.4700    971.7500
  1920       14.54      284.05      1.3200     -0.0200    104.7800     42.5200     43.8400    687.3900    971.9800
  1921       14.44      284.05      0.5000     -0.0400    105.5900     43.2200     43.7200    686.2800    971.7700
  1922       14.45      284.05      1.8500      0.1400    103.2400     41.7300     43.5800    685.7400    971.6400
  1923       14.29      284.05     -0.4200      0.1600    105.3600     43.4600     43.0400    684.4300    971.1800
  1924       14.30      284.05     -1.1200     -0.0600    107.1200     44.1400     43.0200    685.1100    971.2000
  1925       14.40      284.05      0.3500      0.0200    105.8600     43.2000     43.5500    685.6300    971.4200
  1926       14.21      284.05     -2.1300      0.2000    108.0900     45.1500     43.0300    685.9700    971.1600
  1927       14.28      284.05     -1.1400      0.1700    108.0300     44.4600     43.3200    687.4100    971.7400
  1928       14.47      284.05      0.8800      0.1200    105.6300     42.9300     43.8100    687.8400    972.2200
  1929       14.50      284.05      1.5000      0.1600    103.7500     42.2000     43.7000    687.1000    972.0200
  1930       14.46      284.05      0.1400      0.3700    106.2400     43.5200     43.6600    686.1300    971.6800
  1931       14.25      284.05     -2.7400      0.3500    109.9800     46.0800     43.3400    686.4900    971.4000
  1932       14.45      284.05     -1.1000      0.1900    110.0900     45.0500     43.9500    688.8200    971.9300
  1933       14.46      284.05      0.7300      0.3300    106.2500     43.0700     43.7900    689.1300    972.2700
  1934       14.37      284.05     -0.8600      0.2600    108.1300     44.6500     43.7800    688.5700    972.2700
  1935       14.51      284.05     -0.0900      0.1800    107.8400     44.0500     43.9600    689.3400    972.3500
  1936       14.48      284.05     -0.5800      0.2400    108.2800     44.3600     43.7800    689.4100    972.3600
  1937       14.42      284.05     -1.0600      0.2500    108.8600     44.8800     43.8100    689.7700    972.5600
  1938       14.42      284.05     -0.5900      0.2100    109.1300     44.6800     44.0900    690.5500    972.9100
  1939       14.50      284.05      0.6700      0.0900    106.8700     43.4400     44.1100    691.0000    973.0800
  1940       14.45      284.05      0.1900      0.2300    107.5600     44.0000     44.1800    690.2000    973.1100
  1941       14.37      284.05     -0.9200      0.3800    108.8600     45.0700     44.1600    690.2800    972.9800
  1942       14.41      284.05      0.0800      0.1600    107.7000     43.9500     44.0300    691.1600    972.9500
  1943       14.46      284.05      0.6700      0.1300    106.5100     43.3900     44.0600    690.8200    973.0800
  1944       14.42      284.05      0.8800      0.1700    105.4700     42.9800     43.8600    690.1200    972.9600
  1945       14.60      284.05      2.6100     -0.0700    103.2300     41.4800     44.0900    689.4300    972.8000
  1946       14.74      284.05      4.2900     -0.0700     99.4400     39.4500     43.7400    687.2900    972.0400
  1947       14.67      284.05      2.6300      0.1800     99.9200     40.4600     43.0900    684.3800    970.8300
  1948       14.39      284.05     -1.3200      0.2900    104.7200     43.6800     42.3600    682.8900    969.8800
  1949       14.50      284.05     -0.5400     -0.0200    105.9600     43.3700     42.8400    684.4400    970.0300
  1950       14.50      284.05      0.1000      0.0300    105.3200     42.9300     43.0300    684.5600    970.1800
  1951       14.37      284.05     -2.4200      0.1600    108.2600     45.1900     42.7700    684.7500    970.1100
  1952       14.37      284.05     -1.7600      0.0600    109.4400     45.1500     43.3900    686.5400    970.7100
  1953       14.45      284.05     -0.8300     -0.0500    108.9100     44.6000     43.7700    688.0500    971.0800
  1954       14.52      284.05      1.5300      0.0500    104.2000     42.1300     43.6600    688.0900    971.3300
  1955       14.56      284.05      1.1300      0.0900    104.8600     42.6700     43.8000    686.7700    971.2800
  1956       14.49      284.05      1.2400      0.0400    104.2800     42.3200     43.5500    686.0500    970.7200
  1957       14.49      284.05     -0.1500     -0.0300    105.8300     43.3600     43.2100    685.5100    970.2800
  1958       14.53      284.05     -0.2000     -0.0100    105.8200     43.3800     43.1800    685.5300    970.3400
  1959       14.46      284.05     -0.0300      0.1900    106.4500     43.4700     43.4400    685.6800    970.3800
  1960       14.44      284.05      0.2400      0.3500    105.3900     42.9800     43.2200    685.6600    970.3200
  1961       14.40      284.05     -1.3800      0.1100    108.0100     44.5500     43.1600    685.7400    970.3700
  1962       14.49      284.05     -0.1300      0.0900    107.3300     43.6600     43.5300    686.7100    970.6300
  1963       14.41      284.05     -1.2700      0.2300    108.0400     44.8300     43.5600    686.8100    970.6000
  1964       14.46      284.05     -0.5600      0.0700    108.8500     44.5500     43.9800    688.0500    970.8600
  1965       14.52      284.05      1.1700      0.0700    105.3400     42.6500     43.8200    688.4100    970.8600
  1966       14.51      284.05      0.2800      0.1600    105.5000     43.2100     43.4800    687.2100    970.7200
  1967       14.58      284.05      1.2600      0.1800    104.4800     42.3900     43.6400    687.0400    970.6000
  1968       14.47      284.05     -0.3300      0.0700    106.3000     43.7700     43.4400    686.1800    970.2900
  1969       14.58      284.05      1.6200     -0.1100    103.6400     42.0300     43.6500    686.5900    970.2000
  1970       14.61      284.05      2.5800      0.1700    101.3600     40.9500     43.5200    684.9700    969.7900
  1971       14.41      284.05     -0.0300      0.2300    104.9200     43.0600     43.0300    683.6300    969.0400
  1972       14.49      284.05      1.2600      0.1600    102.9400     41.7400     43.0000    683.8800    968.8300
  1973       14.40      284.05     -0.9100      0.3500    106.2300     43.8800     42.9700    683.0800    968.5000
  1974       14.31      284.05     -2.5500      0.2900    108.1200     45.1800     42.6300    683.9600    968.5300
  1975       14.43      284.05     -1.4400      0.1500    108.7300     44.7700     43.3300    685.8100    969.3400
  1976       14.43      284.05     -1.0000      0.0100    107.8700     44.3900     43.3900    686.6700    969.7300
  1977       14.44      284.05     -0.8700     -0.0500    108.0800     44.4700     43.5900    687.3300    970.1100
  1978       14.62      284.05      1.6600     -0.0400    105.5500     42.3400     44.0100    687.8800    970.2600
  1979       14.51      284.05      0.5700      0.1500    105.7300     43.1100     43.6800    686.6600    969.7300
  1980       14.38      284.05     -1.5400      0.2500    108.7900     45.1100     43.5700    686.6200    969.5000
  1981       14.37      284.05     -2.5500      0.2000    110.7600     46.1100     43.5600    688.1300    969.7400
  1982       14.49      284.05     -0.5600      0.1300    109.4600     44.6600     44.1000    689.7700    970.3700
  1983       14.42      284.05     -0.3300      0.1400    108.6600     44.3500     44.0200    690.1000    970.6100
  1984       14.53      284.05      1.0600      0.0400    107.0300     43.1100     44.1700    690.3100    970.7000
  1985       14.56      284.05      1.4600      0.1300    105.3900     42.6500     44.1100    689.2700    970.5000
  1986       14.53      284.05      0.7900      0.1900    105.9800     42.9500     43.7400    688.4900    969.9300
  1987       14.63      284.05      1.4100      0.0300    105.1300     42.3900     43.7900    688.1200    969.5400
  1988       14.57      284.05      1.6900      0.1800    104.1000     41.8700     43.5600    687.1300    968.9500
  1989       14.43      284.05     -0.5100      0.1200    106.1800     43.6700     43.1600    686.0200    968.4700
