  YEAR          ST         CO2 LA_CO2_FLUX OA_CO2_FLUX         GPP         NPP      HETRES       CLIVE       CDEAD
  1850       14.27      286.89     -1.8200     -0.2900    110.1100     45.5200     43.7000    689.5700    973.8100
  1851       14.45      289.76     -1.4000     -0.7300    111.1300     45.7400     44.3400    690.7300    974.6400
  1852       14.44      292.66     -1.2600     -0.9100    111.1700     45.7000     44.4400    691.6600    974.9400
  1853       14.23      295.58     -3.5200     -1.0200    113.9900     47.6900     44.1700    692.9200    975.2000
  1854       14.40      298.54     -2.3100     -1.3800    114.7000     47.2200     44.9200    695.3400    976.3300
  1855       14.42      301.52     -2.7800     -1.4700    115.5300     47.9600     45.1900    696.9800    976.9800
  1856       14.40      304.54     -3.8400     -1.6400    116.8000     48.8500     45.0200    698.8700    977.7800
  1857       14.64      307.59     -1.1600     -2.0400    115.3000     47.1200     45.9600    701.4500    979.0400
  1858       14.73      310.66     -0.9700     -2.0800    114.1800     46.9300     45.9600    701.8000    979.4700
  1859       14.61      313.77     -1.6200     -2.1800    115.0200     47.5600     45.9400    702.6900    979.8200
  1860       14.69      316.91     -2.1600     -2.2200    115.8200     48.0500     45.8900    703.4600    980.4200
  1861       14.62      320.07     -3.1200     -2.2500    118.6600     49.3800     46.2700    705.3300    981.0200
  1862       14.84      323.28     -2.5700     -2.5600    119.4800     49.2800     46.7100    707.6600    981.8300
  1863       14.76      326.51     -3.6200     -2.5900    120.9200     50.1800     46.5600    709.5800    982.3300
  1864       14.74      329.77     -4.4800     -2.7300    123.2800     51.3200     46.8400    712.5700    983.2800
  1865       14.95      333.07     -1.9800     -3.1000    121.7900     49.7600     47.7800    715.6300    984.5200
  1866       14.97      336.40     -2.9400     -2.9200    121.7900     50.4700     47.5300    716.5400    985.0700
  1867       15.00      339.77     -4.1000     -3.0800    124.8200     51.8200     47.7200    719.2600    985.8600
  1868       14.94      343.16     -4.9300     -3.2400    126.2900     52.8200     47.8900    722.1400    987.0200
  1869       14.88      346.59     -4.1200     -3.1800    127.4700     52.5200     48.4100    725.9300    988.3600
  1870       14.92      350.06     -3.8500     -3.4300    126.7500     52.1300     48.2800    728.7500    989.7700
  1871       15.00      353.56     -4.1800     -3.4400    127.9500     52.7900     48.6200    730.9000    991.1500
  1872       14.91      357.10     -5.5600     -3.5300    129.8300     54.1500     48.6000    733.6900    992.5900
  1873       15.08      360.67     -2.7200     -3.6900    127.7000     52.1900     49.4800    737.5100    994.3100
  1874       15.07      364.27     -3.7300     -3.6000    127.6600     52.9900     49.2600    738.8400    995.4600
  1875       15.13      367.92     -3.7500     -3.5800    130.6900     53.6500     49.9000    741.7400    996.6500
  1876       15.19      371.60     -3.1600     -3.6900    130.2700     53.2800     50.1200    744.4000    997.6100
  1877       15.25      375.31     -3.6800     -3.7600    131.6100     53.7600     50.0800    746.9300    998.4700
  1878       15.23      379.07     -3.8200     -3.7600    132.8600     54.1900     50.3700    749.3800    999.5200
  1879       15.11      382.86     -4.4300     -3.8700    133.8500     54.3800     49.9600    752.4100   1000.5800
  1880       15.14      386.69     -4.2700     -3.9700    134.6100     54.5400     50.2700    755.1100   1002.2300
  1881       15.26      390.55     -4.2000     -4.0500    134.7000     54.8200     50.6200    757.8400   1003.6200
  1882       15.33      394.46     -3.2400     -4.0400    134.9800     54.4700     51.2300    760.7600   1004.8600
  1883       15.27      398.40     -4.9200     -4.1000    137.1500     55.8700     50.9600    763.1400   1005.7800
  1884       15.30      402.39     -3.1700     -4.2600    136.9900     54.5700     51.4000    766.8000   1007.3300
  1885       15.35      406.41     -3.6900     -4.3000    135.3600     54.9300     51.2400    767.9600   1008.7300
  1886       15.38      410.47     -3.1600     -4.2000    136.1000     54.6100     51.4500    770.6100   1010.0800
  1887       15.49      414.58     -1.5200     -4.3400    134.1300     53.1800     51.6600    772.2600   1011.4900
  1888       15.53      418.72     -2.3600     -4.3000    134.9900     54.1700     51.8100    772.9300   1012.1500
  1889       15.42      422.91     -3.3200     -4.3300    136.6600     54.7300     51.4100    774.7900   1012.9300
  1890       15.40      427.14     -2.9300     -4.4200    137.4500     54.6400     51.7100    776.7600   1014.2300
  1891       15.52      431.41     -1.8100     -4.5200    136.0200     53.7700     51.9600    778.6000   1015.3900
  1892       15.56      435.73     -2.1700     -4.5100    137.0700     54.3600     52.1900    779.5100   1016.1100
  1893       15.61      440.08     -2.3000     -4.5400    138.3500     54.5300     52.2300    781.4900   1016.8400
  1894       15.72      444.48     -1.8000     -4.5600    137.5900     54.2500     52.4400    782.6500   1017.5600
  1895       15.72      448.93     -1.8400     -4.6100    137.1500     54.3100     52.4700    783.8900   1018.1500
  1896       15.79      453.42     -0.6300     -4.7000    135.5600     53.1400     52.5100    785.1500   1018.7000
  1897       15.75      457.95     -0.4300     -4.6800    134.6500     52.8000     52.3700    785.3000   1019.0700
  1898       15.66      462.53     -2.3900     -4.6200    138.0800     54.7000     52.3100    785.9400   1019.2600
  1899       15.59      467.16     -2.5600     -4.9000    139.8700     54.8900     52.3400    787.7100   1019.8700
  1900       15.61      471.83     -2.8400     -4.7600    139.5300     55.2400     52.4000    788.9100   1020.8400
  1901       15.67      476.55     -1.3800     -4.9800    139.4400     54.1700     52.7900    790.8900   1021.9400
  1902       15.75      481.31     -0.9600     -4.8900    139.2800     54.2500     53.2900    791.6500   1022.6500
  1903       15.79      486.13     -2.0100     -4.9700    139.9700     55.3900     53.3800    792.3000   1022.8100
  1904       15.71      490.99     -3.4200     -4.9600    142.8700     56.6300     53.2100    794.1400   1022.9000
  1905       15.80      495.90     -2.7900     -4.9700    143.0300     56.0700     53.2800    797.0800   1023.5700
  1906       16.00      500.86     -2.9400     -4.9900    144.0800     56.6500     53.7200    798.9400   1024.5700
  1907       15.95      505.86     -2.8700     -4.9800    145.5800     56.8900     54.0300    801.2800   1025.1800
  1908       16.04      510.92     -1.9500     -4.9800    144.1900     55.9100     53.9600    803.1900   1025.9400
  1909       16.10      516.03     -1.8500     -5.1000    144.3700     56.2500     54.4000    804.2500   1026.7700
  1910       16.12      521.19     -0.9900     -5.1300    144.0200     55.4900     54.5000    806.0000   1027.1300
  1911       16.21      526.40     -0.8200     -5.0300    143.2500     55.6200     54.8000    806.5000   1027.3200
  1912       16.14      531.67     -0.6600     -5.2400    143.2100     55.2600     54.6000    807.7500   1026.9600
  1913       16.17      536.99     -0.8900     -5.0500    141.4500     55.0800     54.2000    808.6100   1026.7400
  1914       16.21      542.36     -1.4900     -5.1100    143.9500     55.8600     54.3700    809.4000   1026.9000
  1915       16.35      547.78      0.6500     -5.1000    140.0400     53.8600     54.5000    810.3800   1027.1900
  1916       16.46      553.26      0.6700     -5.0700    139.0700     53.6500     54.3100    810.0100   1026.8900
  1917       16.36      558.79     -2.0200     -4.9400    143.0300     55.8400     53.8100    809.6300   1026.5600
  1918       16.09      564.38     -5.4100     -5.0900    150.2400     59.0600     53.6500    811.9600   1026.9200
  1919       16.33      570.02     -1.5800     -5.2900    147.9200     56.3200     54.7400    815.9300   1028.3100
  1920       16.37      575.72     -2.4900     -5.3000    148.2500     57.3900     54.9000    816.8900   1028.7200
  1921       16.57      581.48      0.5800     -5.1600    143.0800     54.7700     55.3500    818.7400   1029.0600
  1922       16.49      587.29     -1.5000     -5.0900    144.7200     56.2400     54.7400    818.4100   1028.6400
  1923       16.50      593.17     -2.5400     -5.2500    148.6800     57.4500     54.9000    820.2300   1028.7500
  1924       16.60      599.10     -0.6600     -5.2000    146.0300     55.9600     55.3000    822.3900   1029.1700
  1925       16.68      605.09      0.8600     -5.1300    142.1200     54.4600     55.3200    822.3600   1029.1700
  1926       16.60      611.14     -3.0100     -5.2600    148.1400     57.8400     54.8300    822.6900   1028.6100
  1927       16.77      617.25      0.0600     -5.2100    146.0000     55.5100     55.5700    825.2100   1028.8300
  1928       16.84      623.42      0.5500     -5.2100    143.6200     54.7300     55.2700    825.2300   1028.4200
  1929       16.68      629.66     -2.8900     -5.4600    148.9200     57.5900     54.7100    825.7600   1028.0100
  1930       16.82      635.95      0.1100     -5.3500    146.1200     55.3800     55.4900    827.8900   1028.4100
  1931       16.90      642.31      0.4400     -5.4100    144.5600     54.7700     55.2100    828.2100   1028.1300
  1932       17.04      648.74      1.9900     -5.1500    140.3600     53.2900     55.2800    827.7200   1027.6200
  1933       16.88      655.22     -1.3800     -5.2600    146.3100     56.1800     54.8100    827.3100   1026.6000
  1934       16.90      661.78     -1.1500     -5.4300    145.9300     55.9000     54.7500    828.9500   1026.3100
  1935       16.99      668.39      1.5400     -5.3600    142.5800     53.5600     55.1000    830.2600   1026.3800
  1936       16.91      675.08     -1.4400     -5.3200    145.8200     56.2100     54.7700    828.8400   1025.8000
  1937       16.92      681.83     -2.8900     -5.3500    149.8900     57.7100     54.8200    830.8400   1025.7000
  1938       17.06      688.65     -1.0300     -5.5500    148.7600     56.5300     55.5000    833.2400   1026.0800
  1939       17.07      695.53     -2.5200     -5.5000    150.9800     57.9400     55.4200    834.5500   1025.8300
  1940       17.08      702.49     -1.8400     -5.2000    150.8700     57.4800     55.6400    836.9500   1025.9900
  1941       17.11      709.51     -2.1200     -5.4000    152.0600     58.0200     55.8900    838.3900   1026.0700
  1942       17.03      716.61     -1.8500     -5.4000    151.5200     57.2500     55.4100    840.8400   1026.1200
  1943       17.23      723.78     -1.2900     -5.4900    152.0900     57.3600     56.0600    841.9200   1026.6700
  1944       17.30      731.01     -0.5900     -5.3000    150.7900     56.8600     56.2800    843.4200   1026.6700
  1945       17.30      738.32     -1.1800     -5.6200    151.2000     57.3500     56.1700    844.1100   1026.4100
  1946       17.40      745.71      1.4000     -5.3500    146.3500     54.5400     55.9300    845.1400   1026.2200
  1947       17.31      753.16     -0.6000     -5.3300    149.3000     56.5200     55.9300    844.2900   1025.8000
  1948       17.41      760.70     -0.8400     -5.3200    149.8800     56.6400     55.8000    845.4500   1025.3900
  1949       17.48      768.30      1.3300     -5.4600    146.4200     54.6200     55.9500    846.0800   1025.1900
  1950       17.58      775.99      2.1700     -5.2400    145.5000     53.8900     56.0600    845.5300   1024.5700
  1951       17.48      783.75     -1.8000     -5.6200    150.6400     57.1700     55.3700    844.8800   1023.2700
  1952       17.50      791.58     -1.9500     -5.5500    151.6500     57.3100     55.3600    847.1200   1022.8800
  1953       17.46      799.50     -1.1100     -5.3600    150.8600     56.6200     55.5000    848.9100   1023.1100
  1954       17.53      807.49     -1.1000     -5.4400    152.1500     56.8900     55.7900    850.0400   1023.1500
  1955       17.58      815.57     -0.8000     -5.4500    152.3900     56.8100     56.0100    851.1500   1022.9600
  1956       17.63      823.72     -0.9500     -5.4000    152.1400     57.0500     56.1000    852.2000   1022.4700
  1957       17.70      831.96     -0.3900     -5.3400    152.0600     56.7300     56.3300    854.2200   1022.0000
  1958       17.68      840.28     -2.2100     -5.4400    154.2300     58.2300     56.0200    855.0200   1021.5600
  1959       17.92      848.68      4.2500     -5.4000    145.1700     52.3400     56.5900    856.5900   1021.6600
  1960       17.88      857.17      2.3100     -5.4500    145.2800     53.5300     55.8300    853.3300   1020.2500
  1961       17.69      865.74     -1.9900     -5.6300    151.5000     57.0600     55.0700    852.9800   1018.8700
  1962       17.89      874.40      0.5900     -5.5400    149.9900     55.1100     55.7000    855.1800   1018.6300
  1963       17.70      883.14     -3.5900     -5.5700    155.5300     58.9000     55.3100    855.4900   1017.8400
  1964       17.92      891.98     -0.5500     -5.3900    153.9400     56.5800     56.0200    859.2100   1017.9300
  1965       18.04      900.89      0.5800     -5.4400    150.5100     55.5900     56.1800    859.6500   1017.5200
  1966       17.97      909.90     -1.6200     -5.4100    154.9400     58.0600     56.4400    860.4200   1016.7600
  1967       17.95      919.00     -0.5200     -5.5800    152.6300     56.8200     56.3000    862.3000   1016.2100
  1968       17.95      928.19     -2.4800     -5.4800    155.8800     58.8200     56.3400    862.9800   1015.9700
  1969       17.99      937.47     -1.4600     -5.6500    155.8000     58.2400     56.7800    865.6900   1016.0800
  1970       18.27      946.85      2.7700     -5.4100    148.6400     54.5700     57.3400    866.3500   1016.1100
  1971       18.26      956.32      2.0100     -5.4300    149.9400     55.0700     57.0700    865.1100   1014.8200
  1972       18.37      965.88      3.4700     -5.1700    144.3700     52.5600     56.0300    864.0300   1013.5100
  1973       18.44      975.54      3.5700     -5.2900    145.0000     52.2000     55.7700    862.0400   1012.3700
  1974       18.42      985.30      0.7400     -5.3200    146.8400     54.2100     54.9500    859.8400   1010.9000
  1975       18.27      995.15     -1.7100     -5.3600    152.6700     57.1300     55.4200    860.3100   1009.9700
  1976       18.38     1005.10     -1.4000     -5.5200    154.1200     57.1700     55.7700    862.8400   1009.4500
  1977       18.58     1015.15      0.9900     -5.2400    150.4900     55.1400     56.1300    864.2100   1009.0400
  1978       18.52     1025.30     -1.4900     -5.5000    152.9700     56.9600     55.4700    864.4000   1008.0800
  1979       18.54     1035.56      0.1300     -5.4500    152.8400     55.8900     56.0200    866.2100   1007.7500
  1980       18.59     1045.91      0.5400     -5.5000    151.2900     55.4200     55.9600    866.5100   1007.1900
  1981       18.71     1056.37      0.8400     -5.3400    149.7600     54.9800     55.8200    866.4800   1006.4800
  1982       18.67     1066.93     -0.4400     -5.2600    152.8100     56.1900     55.7400    866.6400   1005.8600
  1983       18.77     1077.60      1.5500     -5.2900    151.1400     54.4200     55.9700    867.2700   1005.4700
  1984       18.66     1088.38     -1.6400     -5.3800    156.1800     57.5100     55.8800    867.0000   1004.4000
  1985       18.92     1099.26      2.3600     -5.2100    150.2800     53.8500     56.2100    868.7600   1003.8700
  1986       18.82     1110.26      0.2500     -5.4900    152.9300     55.5200     55.7700    867.6900   1002.8000
  1987       18.73     1121.36     -1.3800     -5.4900    156.0000     56.8700     55.4900    868.9100   1001.7900
  1988       19.04     1132.57      3.3800     -5.3200    148.9400     52.8100     56.1900    870.0500   1001.3400
  1989       18.82     1143.90     -1.8900     -5.3400    154.5900     57.0300     55.1500    868.7000    999.6900
