  YEAR          ST         CO2 LA_CO2_FLUX OA_CO2_FLUX         GPP         NPP      HETRES       CLIVE       CDEAD
  1850       14.34      286.89     -1.0400      0.1300    109.6400     44.9300     43.9000    689.5500    973.7900
  1851       14.41      289.76     -0.5000      0.0600    109.2100     44.6600     44.1700    690.1500    974.2800
  1852       14.44      292.66     -0.2600      0.1400    108.6400     44.4100     44.1500    690.4900    974.4300
  1853       14.30      295.58     -1.4100      0.2000    109.6700     45.2500     43.8300    690.8300    974.4400
  1854       14.48      298.54     -0.2000      0.0800    108.2300     44.2200     44.0200    691.7400    974.9400
  1855       14.39      301.52     -0.3800      0.1500    108.8100     44.5900     44.2100    691.6100    975.1900
  1856       14.53      304.54      0.9800     -0.0400    107.2700     43.5000     44.4800    691.7700    975.2500
  1857       14.59      307.59      1.7800      0.1900    104.6000     42.4600     44.2300    690.8000    975.0500
  1858       14.50      310.66      0.0800      0.1100    106.2800     43.7400     43.8200    689.5600    974.6600
  1859       14.60      313.77      1.0200      0.1200    105.8000     42.9800     44.0100    689.5700    974.6400
  1860       14.55      316.91      1.1700      0.3300    105.1500     42.6800     43.8500    688.7500    974.3500
  1861       14.48      320.07     -1.3100      0.1400    108.1300     44.8600     43.5500    688.0700    973.9600
  1862       14.70      323.28      0.1300     -0.0000    107.9000     43.8800     44.0100    689.2800    974.1400
  1863       14.79      326.51      3.1700      0.0100    103.4700     41.2800     44.4500    688.8700    973.9200
  1864       14.70      329.77      2.4500      0.0100    102.5000     41.3100     43.7500    686.6500    973.0200
  1865       14.73      333.07      1.7100      0.2000    103.2700     41.9100     43.6200    685.1000    972.3200
  1866       14.85      336.40      3.2400      0.2200    101.5600     40.4300     43.6800    684.0400    971.5100
  1867       14.82      339.77      0.9200      0.1200    104.1500     42.3800     43.3000    682.1300    970.4100
  1868       14.80      343.16      0.1200      0.1200    104.9400     42.9300     43.0500    682.0600    969.6300
  1869       14.87      346.59      1.7800      0.1800    103.5300     41.5600     43.3300    682.2400    969.2700
  1870       14.74      350.06     -0.9200      0.1700    106.3000     43.7600     42.8300    681.1100    968.7400
  1871       14.89      353.56      0.3200      0.1100    106.4200     43.1000     43.4200    682.2700    968.6600
  1872       15.04      357.10      1.1300      0.1300    105.0700     42.2900     43.4200    681.9300    968.2600
  1873       14.99      360.67      1.0100      0.1800    104.9300     42.4300     43.4400    681.4300    967.7100
  1874       14.98      364.27      1.1700      0.2900    104.0000     42.0000     43.1700    681.0000    967.0000
  1875       15.10      367.92      1.8700      0.1500    103.6500     41.4600     43.3200    680.4900    966.4600
  1876       15.04      371.60      2.0400      0.3500    102.9800     41.1600     43.2000    679.4200    965.6200
  1877       15.02      375.31      0.6100      0.2600    104.0900     42.1800     42.7900    678.5000    964.6500
  1878       15.16      379.07      3.0000      0.2000    102.4800     40.4500     43.4500    678.3300    964.1200
  1879       15.11      382.86      2.8600      0.3000    101.0700     40.1100     42.9700    676.5600    962.7400
  1880       15.13      386.69      2.1000      0.2600    101.5200     40.6200     42.7100    675.0500    961.5600
  1881       15.23      390.55      2.7500      0.1200    100.4300     39.7700     42.5200    674.0300    960.5100
  1882       15.21      394.46      2.2100      0.2300    100.6600     40.1500     42.3500    672.2700    959.3600
  1883       15.24      398.40      2.8000      0.1000     99.4400     39.4100     42.2200    671.2900    958.2500
  1884       15.25      402.39      3.0100      0.1000     98.3000     38.8700     41.8800    669.5900    957.0100
  1885       15.23      406.41      1.4500      0.2000    100.2600     40.3000     41.7500    667.8500    955.8300
  1886       15.39      410.47      3.2800      0.1100     97.6500     38.6300     41.9100    667.0900    954.8600
  1887       15.44      414.58      3.1300      0.0700     97.7000     38.6900     41.8100    665.4500    953.5000
  1888       15.39      418.72      4.4400      0.2000     94.2500     37.0200     41.4600    663.4400    952.0700
  1889       15.39      422.91      2.0700      0.1900     96.6600     38.7700     40.8400    660.9100    950.4800
  1890       15.45      427.14      2.3300      0.0800     97.2200     38.7900     41.1200    659.8000    949.5200
  1891       15.50      431.41      3.7800      0.1900     94.9900     37.4000     41.1700    658.5300    948.3200
  1892       15.43      435.73      1.5500      0.2700     97.8500     39.4700     41.0200    656.5000    946.7900
  1893       15.52      440.08      2.8000      0.1800     95.7200     38.0500     40.8500    656.0200    945.6300
  1894       15.49      444.48      2.3300      0.3500     96.2600     38.4400     40.7700    654.4300    944.4600
  1895       15.40      448.93      1.9400      0.2300     97.1300     38.7800     40.7200    653.2200    943.2300
  1896       15.53      453.42      3.6400      0.0700     94.8100     37.0400     40.6800    652.4200    941.9900
  1897       15.55      457.95      4.2100      0.0800     92.8300     36.2600     40.4600    650.3200    940.4700
  1898       15.39      462.53      0.6300      0.2400     96.7300     39.0500     39.6800    648.1000    938.6900
  1899       15.48      467.16      0.7600      0.1200     98.3800     39.3100     40.0700    648.4700    937.8600
  1900       15.56      471.83      3.0400      0.1700     95.5500     37.2800     40.3200    648.3900    936.9400
  1901       15.59      476.55      1.7800      0.3100     96.7000     38.3300     40.1100    646.7800    935.5100
  1902       15.56      481.31      0.3900      0.3500     98.2500     39.5200     39.9200    646.1300    934.3600
  1903       15.65      486.13      1.4200      0.1600     98.4600     39.0300     40.4500    646.7900    933.6400
  1904       15.93      490.99      5.3500      0.1700     92.3000     35.4000     40.7500    645.8800    932.4900
  1905       15.91      495.90      4.6200      0.2200     91.1800     35.4100     40.0300    642.4500    930.5200
  1906       15.94      500.86      3.5800      0.1500     92.1900     36.0900     39.6700    639.9800    928.6800
  1907       15.82      505.86      3.2200      0.3700     91.3500     35.9200     39.1300    637.8700    927.0100
  1908       15.76      510.92      1.3900      0.3600     94.4100     37.5800     38.9800    636.2300    925.7100
  1909       15.93      516.03      3.1000      0.2700     93.5000     36.2800     39.3800    636.0200    924.6000
  1910       16.05      521.19      3.3300      0.1900     92.0900     35.8500     39.1800    634.1600    923.0000
  1911       15.99      526.40      2.6600      0.2700     91.7100     36.1700     38.8300    632.6400    921.4000
  1912       16.09      531.67      4.0900      0.2900     89.9800     34.9200     39.0100    631.3500    919.9600
  1913       16.17      536.99      3.9400      0.3100     88.9500     34.6700     38.6100    628.8900    918.1400
  1914       16.07      542.36      2.5700      0.1500     90.4200     35.5700     38.1400    626.9700    916.3900
  1915       16.19      547.78      3.5100      0.2500     89.2700     34.7900     38.3100    625.5400    915.0700
  1916       16.09      553.26      0.9500      0.1400     93.5200     37.2400     38.1800    623.9900    913.3800
  1917       16.29      558.79      4.7500      0.1700     88.5800     33.7700     38.5300    624.0500    912.1300
  1918       16.26      564.38      4.2100      0.3000     88.5700     33.9500     38.1600    621.2700    910.2800
  1919       16.15      570.02      1.0600      0.3200     92.3500     36.5500     37.6100    619.2100    908.2800
  1920       16.25      575.72      2.9100      0.3400     91.0600     35.1600     38.0600    619.5000    907.0800
  1921       16.36      581.48      3.1900      0.2600     89.3500     34.5800     37.7700    617.9300    905.5200
  1922       16.40      587.29      3.1600      0.4300     89.3800     34.5900     37.7400    616.1900    904.0400
  1923       16.24      593.17      1.3600      0.3200     91.3900     36.0800     37.4400    614.7400    902.4200
  1924       16.40      599.10      3.8100      0.2800     89.4300     34.1700     37.9800    614.5800    901.1800
  1925       16.43      605.09      3.4600      0.1400     88.5900     33.9900     37.4500    612.5600    899.3100
  1926       16.43      611.14      3.4800      0.3600     87.8300     33.7700     37.2400    610.7800    897.5500
  1927       16.36      617.25      1.6800      0.2400     90.5900     35.3400     37.0200    609.2700    895.7800
  1928       16.59      623.42      4.0600      0.3000     86.9200     32.9300     36.9900    608.8900    894.3400
  1929       16.56      629.66      2.8700      0.3300     87.7400     33.7700     36.6400    606.6000    892.6700
  1930       16.45      635.95      1.4800      0.3500     89.9500     35.0500     36.5300    605.2600    891.1900
  1931       16.57      642.31      2.7100      0.3400     89.6100     34.1400     36.8500    604.9100    890.0300
  1932       16.65      648.74      3.2500      0.3100     87.5700     33.3800     36.6200    603.6300    888.4800
  1933       16.81      655.22      4.7300      0.3400     84.5000     31.7700     36.5000    602.0400    886.9100
  1934       16.93      661.78      5.5900      0.3600     82.1100     30.6800     36.2700    598.7200    885.1600
  1935       16.64      668.39      1.7200      0.4300     87.3000     34.0600     35.7800    595.7800    882.8700
  1936       16.83      675.08      3.2200      0.3300     86.7900     32.9900     36.2200    595.5700    881.3900
  1937       16.88      681.83      2.8700      0.3000     85.3100     32.7200     35.5900    593.9300    879.5300
  1938       16.86      688.65      2.6000      0.4200     86.5600     33.2100     35.8200    592.7700    878.1200
  1939       16.87      695.53      2.1900      0.4600     86.9200     33.6500     35.8300    591.5200    876.6800
  1940       16.86      702.49      3.1600      0.3300     85.7100     32.7600     35.9200    590.4700    875.4400
  1941       17.00      709.51      4.5900      0.2900     82.1100     31.1600     35.7500    588.6600    873.8400
  1942       17.01      716.61      3.6800      0.3400     83.7100     31.9800     35.6500    586.0300    872.1100
  1943       17.11      723.78      5.2900      0.3700     79.8200     29.9100     35.2000    583.9600    870.3000
  1944       16.96      731.01      3.1400      0.5000     82.4500     31.6200     34.7600    580.7100    868.4500
  1945       17.14      738.32      4.8900      0.2300     80.7600     30.0200     34.9100    579.3700    866.8000
  1946       17.23      745.71      5.0100      0.3000     78.7700     29.5000     34.5100    576.3600    864.6100
  1947       17.03      753.16      3.2000      0.4200     81.0400     30.9000     34.1000    573.7400    862.4000
  1948       17.10      760.70      3.0200      0.3900     81.2800     31.0600     34.0700    572.4100    860.5400
  1949       17.24      768.30      2.3700      0.2100     82.6900     31.5700     33.9400    571.3700    858.7300
  1950       17.22      775.99      2.1500      0.4300     82.1500     31.6200     33.7700    570.1200    857.2400
  1951       17.17      783.75      0.4200      0.3200     86.6800     33.8300     34.2500    569.9100    855.8900
  1952       17.38      791.58      3.6600      0.3200     82.2700     30.9200     34.5700    570.3300    854.6700
  1953       17.43      799.50      4.2500      0.4300     80.7300     30.1000     34.3500    568.4000    852.9900
  1954       17.34      807.49      1.9300      0.3900     83.4400     32.1600     34.0900    566.1200    851.1300
  1955       17.34      815.57      3.0700      0.3200     82.2400     31.0900     34.1600    565.7200    849.6800
  1956       17.28      823.72      0.7500      0.5100     84.3700     32.7900     33.5300    564.0500    848.1200
  1957       17.36      831.96      2.0800      0.3800     84.6700     32.2500     34.3300    564.3000    847.2600
  1958       17.76      840.28      7.3000      0.3600     75.5500     27.2000     34.5000    563.2600    845.8500
  1959       17.75      848.68      6.4600      0.4100     73.3500     26.9800     33.4400    558.4400    843.1400
  1960       17.60      857.17      3.5400      0.3300     77.2700     29.1600     32.6900    554.8300    840.6300
  1961       17.72      865.74      5.4300      0.4300     74.5600     27.2500     32.6800    553.2400    838.7200
  1962       17.81      874.40      5.7000      0.3900     71.9000     26.3600     32.0600    550.0200    836.2800
  1963       17.63      883.14      2.3600      0.2900     75.9100     29.0700     31.4300    546.8900    833.9600
  1964       17.82      891.98      4.1100      0.4100     75.0900     27.8800     31.9900    546.2000    832.3800
  1965       17.75      900.89      2.9500      0.4900     76.3900     28.9100     31.8600    544.2700    830.2500
  1966       17.82      909.90      4.0800      0.4400     74.5600     27.8200     31.9000    543.0900    828.4100
  1967       17.81      919.00      2.4800      0.4000     76.7700     29.1500     31.6300    541.0800    826.3800
  1968       17.81      928.19      1.7100      0.3900     78.0400     29.9100     31.6200    540.1900    824.8600
  1969       17.91      937.47      5.3100      0.3700     73.7400     26.7800     32.0900    539.5800    823.5500
  1970       17.89      946.85      4.0400      0.4100     74.0000     27.3700     31.4100    536.3400    821.3800
  1971       17.83      956.32      1.1400      0.4400     78.7100     30.0400     31.1800    534.4900    819.4400
  1972       17.93      965.88      3.0200      0.3900     76.3200     28.2600     31.2800    534.6300    818.1300
  1973       18.11      975.54      4.2800      0.2300     74.0100     27.1500     31.4200    533.0600    816.6000
  1974       18.18      985.30      4.8500      0.3100     71.6500     26.2400     31.0900    530.6300    814.6300
  1975       18.17      995.15      4.2500      0.3500     71.9000     26.5900     30.8500    527.9000    812.5700
  1976       18.06     1005.10      2.1900      0.4500     74.4700     28.1300     30.3200    525.7200    810.6200
  1977       18.13     1015.15      2.9800      0.4600     74.2000     27.5400     30.5200    524.9000    809.3200
  1978       18.16     1025.30      3.9100      0.4300     72.1800     26.6300     30.5400    523.4800    807.7100
  1979       18.21     1035.56      3.6500      0.4700     71.3100     26.4800     30.1300    521.2600    805.8900
  1980       18.22     1045.91      2.8900      0.4900     72.7100     27.1700     30.0600    519.4000    804.2500
  1981       18.22     1056.37      3.2100      0.4600     72.0700     26.8300     30.0400    517.9900    802.6600
  1982       18.36     1066.93      1.6200      0.4900     75.6000     28.5500     30.1600    516.6800    801.0600
  1983       18.45     1077.60      3.3800      0.4500     73.3700     26.9800     30.3600    516.3800    799.5700
  1984       18.52     1088.38      4.0000      0.5100     71.8900     26.2000     30.2000    514.7000    797.8300
  1985       18.44     1099.26      3.6600      0.4800     72.5700     26.6000     30.2700    512.6000    795.8800
  1986       18.46     1110.26      3.0300      0.3600     72.8400     26.8400     29.8700    511.2000    793.7900
  1987       18.62     1121.36      5.0600      0.4800     69.0700     24.7600     29.8200    509.7500    792.0200
  1988       18.57     1132.57      3.4200      0.5100     71.0500     26.0700     29.4900    506.8000    789.8800
  1989       18.74     1143.90      2.9000      0.3600     71.9100     26.3300     29.2300    505.5000    788.0200
