YEAR		ST		CO2		LA_CO2_FLUX	OA_CO2_FLUX	GPP		NPP		HETERES		CLIVE		CDEAD
1850.00		13.49		284.30		-1.00		-0.10		119.65		61.61		58.11		429.92		965.81
1851.00		13.53		287.14		-0.53		-0.57		119.01		61.34		58.67		430.75		965.78
1852.00		13.72		290.01		2.21		-0.66		115.81		58.73		58.52		429.30		966.63
1853.00		13.84		292.91		1.08		-0.81		117.07		60.08		58.78		428.35		965.72
1854.00		13.70		295.84		-1.87		-1.15		121.47		62.76		58.51		429.41		964.76
1855.00		13.63		298.80		-2.25		-1.26		124.58		64.53		59.86		430.77		965.58
1856.00		13.54		301.79		-3.59		-1.26		126.63		66.11		60.03		433.73		965.61
1857.00		13.58		304.81		-4.31		-1.28		128.82		67.31		60.66		436.83		966.35
1858.00		13.66		307.86		-4.26		-1.54		131.54		68.50		61.65		439.26		968.38
1859.00		13.78		310.93		-3.10		-1.60		130.94		67.88		62.22		441.01		970.15
1860.00		13.88		314.04		-0.48		-1.82		126.23		64.95		61.81		441.30		971.68
1861.00		13.87		317.18		-2.20		-2.00		130.24		67.43		62.55		442.52		972.12
1862.00		13.96		320.36		-2.84		-2.18		131.03		67.68		62.29		444.14		972.97
1863.00		14.05		323.56		-1.96		-2.11		130.55		67.12		62.60		444.67		974.99
1864.00		13.99		326.80		-2.06		-2.24		129.40		66.55		61.88		445.80		975.57
1865.00		14.04		330.06		-3.06		-2.37		133.87		69.30		63.79		447.63		976.11
1866.00		13.91		333.36		-4.41		-2.53		135.20		70.13		63.08		450.02		977.67
1867.00		13.92		336.70		-4.95		-2.51		138.77		71.95		64.35		453.98		978.44
1868.00		14.04		340.06		-2.74		-2.70		136.56		70.02		64.36		455.96		980.57
1869.00		14.16		343.47		-1.49		-2.72		134.14		68.68		64.44		456.52		982.24
1870.00		14.03		346.90		-3.23		-2.89		135.96		70.82		65.05		457.86		982.89
1871.00		13.90		350.37		-6.34		-2.89		142.27		74.15		64.99		462.56		983.04
1872.00		13.87		353.87		-4.18		-2.91		138.49		71.64		64.71		464.97		985.59
1873.00		13.93		357.41		-4.47		-3.08		140.51		72.65		65.42		467.32		987.83
1874.00		14.09		360.99		-3.27		-3.31		140.69		72.19		66.06		469.11		990.14
1875.00		14.11		364.60		-2.98		-3.21		141.15		72.69		67.00		470.55		991.61
1876.00		14.20		368.24		-4.80		-3.20		144.18		73.80		66.30		473.09		993.38
1877.00		14.12		371.92		-4.19		-3.34		143.36		74.05		66.98		473.92		996.26
1878.00		14.15		375.64		-6.09		-3.34		148.37		76.50		67.52		477.31		998.56
1879.00		13.97		379.40		-6.16		-3.37		148.22		77.07		68.06		480.45		1001.10
1880.00		14.18		383.19		-4.24		-3.44		148.14		75.72		68.50		483.58		1004.10
1881.00		14.32		387.03		-3.61		-3.44		148.35		75.95		69.47		485.22		1005.70
1882.00		14.42		390.90		-4.53		-3.63		151.46		77.40		69.89		488.23		1006.90
1883.00		14.38		394.80		-4.63		-3.62		152.21		77.62		70.01		491.63		1008.00
1884.00		14.27		398.75		-7.61		-3.76		157.76		81.43		70.72		495.86		1009.80
1885.00		14.27		402.74		-6.02		-3.66		156.80		79.87		70.68		500.04		1012.60
1886.00		14.38		406.77		-4.94		-3.74		157.98		80.05		72.20		503.39		1015.00
1887.00		14.60		410.84		-3.02		-3.61		154.18		77.75		71.62		505.04		1017.20
1888.00		14.51		414.94		-5.30		-3.66		156.51		79.54		71.02		507.24		1019.20
1889.00		14.47		419.09		-6.19		-3.98		161.01		81.75		72.35		510.45		1021.80
1890.00		14.52		423.28		-3.06		-3.79		154.28		77.67		71.53		512.19		1024.70
1891.00		14.34		427.52		-6.41		-4.01		162.31		82.55		73.14		515.92		1025.30
1892.00		14.47		431.79		-7.82		-3.99		167.47		84.40		73.20		520.41		1028.30
1893.00		14.56		436.11		-5.75		-4.09		163.56		82.57		73.42		523.26		1032.20
1894.00		14.49		440.47		-5.32		-4.10		164.61		82.95		74.37		526.21		1034.80
1895.00		14.42		444.88		-7.01		-4.22		168.05		84.82		74.52		530.35		1036.90
1896.00		14.55		449.32		-4.20		-4.15		162.76		81.16		73.56		532.97		1039.70
1897.00		14.54		453.82		-6.49		-3.98		167.82		84.84		75.05		536.36		1041.50
1898.00		14.56		458.36		-6.19		-4.14		170.03		85.06		75.64		539.97		1044.40
1899.00		14.59		462.94		-4.97		-4.17		169.44		84.76		76.66		542.88		1047.20
1900.00		14.96		467.57		-2.89		-4.09		164.97		81.68		75.38		544.70		1049.50
1901.00		15.12		472.24		-2.52		-4.23		166.75		82.83		76.89		546.05		1050.50
1902.00		14.84		476.97		-6.86		-4.42		171.12		86.00		75.94		549.74		1051.50
1903.00		14.86		481.74		-6.52		-4.33		173.51		87.00		77.12		553.64		1054.30
1904.00		14.80		486.55		-7.19		-4.31		175.71		87.83		77.23		557.53		1057.20
1905.00		14.88		491.42		-4.62		-4.56		173.83		85.87		77.83		560.72		1060.10
1906.00		14.96		496.33		-5.23		-4.55		175.74		86.60		77.88		563.35		1062.30
1907.00		15.06		501.30		-4.71		-4.37		176.61		86.76		78.52		566.20		1064.50
1908.00		14.93		506.31		-6.10		-4.59		178.85		88.52		78.94		569.26		1066.70
1909.00		14.98		511.37		-5.93		-4.38		180.58		88.79		79.08		572.04		1070.30
1910.00		15.09		516.49		-4.15		-4.37		175.60		86.39		78.64		573.53		1074.00
1911.00		15.15		521.65		-4.57		-4.62		178.67		88.00		79.86		575.59		1075.80
1912.00		15.01		526.87		-5.43		-4.50		182.63		89.65		80.63		579.56		1076.90
1913.00		15.04		532.14		-5.85		-4.50		182.33		88.34		78.89		582.61		1079.90
1914.00		15.12		537.46		-5.03		-4.51		184.56		89.95		81.38		585.27		1082.40
1915.00		15.18		542.83		-5.09		-4.45		187.54		90.86		81.98		588.81		1084.40
1916.00		15.43		548.26		-2.98		-4.55		180.57		87.36		80.71		589.98		1087.50
1917.00		15.61		553.74		-2.28		-4.52		181.08		88.49		82.48		590.58		1088.50
1918.00		15.15		559.28		-8.13		-4.87		191.71		94.65		82.79		594.42		1089.50
1919.00		15.07		564.87		-8.61		-4.71		200.39		95.18		82.84		601.33		1091.80
1920.00		15.23		570.52		-6.07		-4.82		200.37		93.79		83.84		605.28		1095.30
1921.00		15.32		576.23		-5.11		-4.75		193.17		91.42		82.30		607.34		1098.80
1922.00		15.62		581.99		-2.44		-4.69		189.13		90.77		84.65		608.58		1102.00
1923.00		15.58		587.81		-4.01		-4.71		188.12		91.13		83.23		610.57		1102.30
1924.00		15.42		593.69		-5.58		-4.85		193.32		93.66		83.97		613.68		1104.60
1925.00		15.51		599.63		-4.80		-4.81		193.35		93.05		84.49		617.27		1105.90
1926.00		15.69		605.62		-2.94		-4.61		190.14		90.63		83.95		619.04		1108.10
1927.00		15.72		611.68		-3.97		-4.74		190.52		92.15		84.29		619.84		1110.80
1928.00		15.68		617.79		-5.43		-4.78		193.63		93.54		84.35		622.59		1112.50
1929.00		15.61		623.97		-4.17		-4.95		193.83		92.88		84.82		624.86		1115.20
1930.00		15.61		630.21		-5.95		-4.75		198.81		95.34		85.31		628.51		1116.50
1931.00		15.58		636.51		-5.36		-4.92		200.84		95.54		86.10		631.48		1119.20
1932.00		15.63		642.88		-4.78		-4.72		201.35		95.47		86.27		634.25		1121.70
1933.00		15.81		649.31		-5.02		-4.63		203.89		96.38		87.05		637.12		1124.00
1934.00		15.70		655.80		-5.04		-4.90		202.99		95.16		85.88		639.59		1126.40
1935.00		15.92		662.36		-2.96		-4.91		202.77		94.88		87.82		641.33		1128.70
1936.00		16.02		668.98		-4.09		-4.77		204.62		95.94		87.81		643.81		1129.90
1937.00		15.96		675.67		-4.66		-4.88		203.53		95.96		87.38		646.14		1131.30
1938.00		15.83		682.43		-6.07		-4.93		207.40		98.43		88.36		649.01		1133.60
1939.00		15.88		689.25		-5.51		-4.88		211.23		98.75		89.04		652.31		1136.80
1940.00		15.97		696.15		-3.52		-4.92		207.98		97.09		89.21		654.41		1138.90
1941.00		15.90		703.11		-4.15		-4.98		204.05		95.56		87.19		655.88		1141.50
1942.00		16.08		710.14		-4.21		-4.99		208.60		96.71		88.14		658.22		1143.70
1943.00		16.25		717.24		-1.49		-4.73		203.18		95.02		89.28		658.77		1146.00
1944.00		16.16		724.41		-4.30		-4.96		207.02		97.43		88.56		660.31		1146.50
1945.00		16.15		731.66		-4.81		-4.99		213.70		99.69		90.56		663.61		1148.10
1946.00		16.15		738.97		-4.41		-5.08		214.66		99.44		90.50		666.41		1150.00
1947.00		16.07		746.36		-5.56		-5.09		216.94		100.33		90.57		669.43		1152.00
1948.00		16.33		753.83		-3.39		-4.84		215.91		98.67		90.84		671.39		1154.50
1949.00		16.36		761.36		-3.85		-4.94		216.91		100.22		91.86		673.33		1156.00
1950.00		16.23		768.98		-4.76		-4.90		220.42		100.54		91.35		675.78		1158.20
1951.00		16.41		776.67		-4.15		-4.87		221.51		100.70		92.06		677.78		1160.60
1952.00		16.46		784.44		-4.17		-4.93		221.27		101.41		92.87		679.67		1162.70
1953.00		16.58		792.28		-1.89		-4.87		218.76		99.10		92.58		682.02		1163.50
1954.00		16.71		800.20		-1.83		-4.84		214.28		97.85		91.33		681.68		1165.70
1955.00		16.55		808.20		-4.16		-5.08		220.98		101.43		92.76		683.38		1167.30
1956.00		16.55		816.29		-5.34		-5.01		224.85		103.14		92.93		686.12		1169.00
1957.00		16.57		824.45		-3.82		-5.06		227.25		102.18		93.94		689.22		1170.60
1958.00		16.54		832.69		-4.84		-5.13		229.37		102.39		93.10		691.98		1172.10
1959.00		16.70		841.02		-2.17		-4.87		220.99		99.14		92.32		692.78		1174.90
1960.00		16.74		849.43		-4.20		-4.95		226.81		102.24		93.41		694.19		1177.10
1961.00		16.91		857.93		-3.90		-4.88		229.38		103.04		94.41		696.20		1178.70
1962.00		16.78		866.50		-3.90		-5.14		227.21		103.14		94.70		697.54		1181.20
1963.00		16.70		875.17		-3.62		-5.16		230.96		103.40		95.19		700.87		1181.60
1964.00		16.68		883.92		-4.74		-5.21		232.60		104.42		94.85		703.42		1183.10
1965.00		16.58		892.76		-4.40		-5.21		234.63		103.90		94.72		705.90		1185.20
1966.00		16.67		901.69		-3.40		-5.13		234.89		103.42		95.52		707.72		1187.50
1967.00		16.82		910.70		-3.50		-5.04		227.48		101.26		93.23		708.94		1189.80
1968.00		17.08		919.81		-3.83		-4.87		232.29		103.15		94.39		710.46		1192.30
1969.00		17.14		929.01		-2.76		-5.22		234.26		104.66		97.16		711.35		1194.40
1970.00		16.95		938.30		-4.63		-5.36		240.11		106.81		97.53		714.49		1194.50
1971.00		17.00		947.68		-4.47		-5.04		244.04		105.22		95.95		718.28		1195.80
1972.00		17.06		957.16		-3.54		-5.10		242.11		104.91		96.62		720.70		1197.40
1973.00		17.10		966.73		-4.11		-5.12		238.93		105.31		96.11		722.12		1199.60
1974.00		17.17		976.40		-3.63		-5.14		238.42		104.52		95.86		723.15		1202.70
1975.00		17.46		986.16		-1.35		-4.89		234.90		103.02		96.53		723.79		1205.00
1976.00		17.52		996.02		-1.09		-4.95		236.22		104.17		98.19		724.54		1204.70
1977.00		17.45		1005.98		-2.98		-5.08		235.26		104.88		97.11		726.08		1205.20
1978.00		17.42		1016.04		-6.44		-4.94		249.53		109.91		98.74		730.42		1205.90
1979.00		17.41		1026.20		-3.99		-5.23		246.28		107.41		98.60		732.76		1208.80
1980.00		17.49		1036.47		-2.10		-5.32		240.25		104.55		97.52		733.94		1210.60
1981.00		17.50		1046.83		-4.10		-5.15		245.45		107.61		98.62		736.12		1211.80
1982.00		17.75		1057.30		-3.36		-5.06		245.36		106.50		98.10		738.38		1213.00
1983.00		17.68		1067.87		-4.70		-4.89		250.11		108.76		99.27		740.73		1215.30
1984.00		17.71		1078.55		-2.92		-5.29		248.43		107.88		99.79		742.31		1217.10
1985.00		17.58		1089.34		-5.22		-5.15		253.47		109.57		99.52		744.84		1218.10
1986.00		17.61		1100.23		-3.47		-5.06		255.10		109.61		101.04		747.19		1220.60
1987.00		17.74		1111.23		-4.11		-5.13		253.53		108.52		99.25		749.18		1222.60
1988.00		17.90		1122.35		-1.90		-5.07		250.01		107.21		100.22		749.59		1224.60
1989.00		17.77		1133.57		-3.68		-5.07		253.33		109.46		100.52		751.40		1225.70