YEAR		ST		CO2		LA_CO2_FLUX	OA_CO2_FLUX	GPP		NPP		HETERES		CLIVE		CDEAD
1850.00		13.47		284.30		-1.18		-0.10		119.81		61.75		58.12		430.02		965.75
1851.00		13.52		287.14		0.36		-0.38		116.35		59.75		57.80		430.30		966.08
1852.00		13.76		290.01		1.34		-0.65		116.63		59.35		58.25		429.66		966.01
1853.00		13.69		292.91		0.51		-0.87		117.11		60.10		58.24		428.79		965.78
1854.00		13.73		295.84		0.74		-1.12		116.85		59.84		58.32		428.80		965.10
1855.00		13.63		298.80		-3.12		-1.26		124.57		64.70		59.25		430.41		964.02
1856.00		13.39		301.79		-6.11		-1.52		129.68		67.89		59.37		434.37		965.09
1857.00		13.63		304.81		-3.16		-1.56		128.86		66.54		60.59		435.83		968.58
1858.00		13.73		307.86		-0.73		-1.81		124.53		64.21		60.91		436.02		970.38
1859.00		13.80		310.93		0.56		-1.76		122.52		62.85		60.72		435.47		970.56
1860.00		13.72		314.04		-1.08		-1.91		124.67		64.03		60.26		436.00		970.92
1861.00		13.69		317.18		-1.89		-2.04		126.67		65.81		61.50		436.76		971.20
1862.00		13.48		320.36		-4.82		-2.19		131.94		68.94		61.50		440.00		971.51
1863.00		13.39		323.56		-4.43		-2.23		131.23		68.59		61.59		442.14		973.92
1864.00		13.46		326.80		-4.06		-2.38		132.28		69.33		62.67		444.21		976.13
1865.00		13.55		330.06		-3.18		-2.47		131.39		68.24		62.21		445.62		978.43
1866.00		13.49		333.36		-4.21		-2.52		134.33		70.21		63.53		447.19		980.42
1867.00		13.52		336.70		-3.49		-2.64		133.30		69.15		62.96		449.54		982.17
1868.00		13.67		340.06		-2.37		-2.74		132.75		68.59		63.67		450.69		983.71
1869.00		13.85		343.47		-2.53		-2.76		130.88		67.69		62.58		452.05		985.08
1870.00		13.82		346.90		-2.75		-2.78		135.77		70.17		64.78		452.90		986.52
1871.00		13.52		350.37		-7.06		-2.98		140.82		74.10		64.46		456.98		987.09
1872.00		13.55		353.87		-5.25		-3.02		139.89		72.97		65.03		461.23		989.50
1873.00		13.67		357.41		-5.50		-3.11		140.99		73.06		64.77		464.21		991.67
1874.00		13.74		360.99		-2.28		-3.33		137.35		70.83		65.87		465.03		994.67
1875.00		13.68		364.60		-4.56		-3.38		140.92		73.11		65.72		467.53		995.81
1876.00		13.71		368.24		-5.39		-3.48		144.30		74.85		66.58		470.27		997.87
1877.00		13.63		371.92		-5.68		-3.43		145.51		74.99		66.33		473.24		1000.60
1878.00		13.64		375.64		-5.50		-3.67		146.18		75.97		67.38		475.74		1003.90
1879.00		13.60		379.40		-4.41		-3.52		143.74		74.50		67.21		478.10		1006.40
1880.00		13.74		383.19		-3.10		-3.54		142.74		73.29		67.30		479.90		1008.40
1881.00		13.76		387.03		-4.77		-3.68		146.53		75.57		67.91		481.53		1011.00
1882.00		13.65		390.90		-3.41		-3.80		142.54		73.82		67.47		483.09		1012.90
1883.00		13.61		394.80		-5.89		-3.99		149.13		77.43		68.59		486.21		1014.40
1884.00		13.55		398.75		-6.03		-3.90		150.41		77.46		68.55		490.13		1016.80
1885.00		13.72		402.74		-4.51		-3.87		148.96		76.16		68.68		492.45		1020.20
1886.00		13.91		406.77		-1.99		-4.16		146.37		74.22		69.18		492.78		1023.00
1887.00		13.84		410.84		-4.44		-4.24		148.29		75.72		68.10		494.29		1024.70
1888.00		13.68		414.94		-5.21		-4.10		148.49		77.19		68.98		496.78		1026.70
1889.00		13.76		419.09		-4.59		-4.03		150.37		77.37		69.82		500.19		1028.50
1890.00		13.68		423.28		-5.31		-4.24		150.57		78.05		70.05		502.70		1030.10
1891.00		13.56		427.52		-7.07		-4.21		156.56		80.35		70.23		507.27		1032.60
1892.00		13.56		431.79		-4.47		-4.38		152.83		78.31		70.80		509.23		1036.10
1893.00		13.54		436.11		-6.73		-4.33		158.22		80.69		70.93		513.16		1037.90
1894.00		13.51		440.47		-6.85		-4.42		159.67		81.72		71.64		516.35		1041.10
1895.00		13.44		444.88		-8.09		-4.48		163.86		84.22		72.81		520.42		1044.20
1896.00		13.57		449.32		-4.64		-4.39		158.33		80.21		72.07		523.60		1048.40
1897.00		13.60		453.82		-4.49		-4.57		157.77		79.96		72.03		525.10		1050.60
1898.00		13.68		458.36		-4.84		-4.61		161.96		82.13		73.90		527.78		1053.00
1899.00		13.57		462.94		-5.04		-4.71		159.03		81.30		73.18		530.33		1055.40
1900.00		13.60		467.57		-6.40		-4.61		163.48		83.52		73.89		533.19		1058.00
1901.00		13.34		472.24		-8.76		-4.72		168.34		86.38		74.53		538.14		1060.50
1902.00		13.53		476.97		-5.86		-4.49		167.40		83.54		74.28		541.88		1064.80
1903.00		13.62		481.74		-3.82		-4.63		161.08		81.28		73.97		543.56		1067.60
1904.00		13.60		486.55		-4.16		-4.63		163.19		81.86		74.37		545.57		1069.80
1905.00		13.71		491.42		-4.02		-4.87		162.78		81.53		73.86		547.79		1071.40
1906.00		13.63		496.33		-5.37		-4.88		164.29		83.13		74.50		549.78		1073.90
1907.00		13.59		501.30		-4.83		-4.84		165.44		83.28		75.18		552.65		1076.50
1908.00		13.54		506.31		-6.62		-4.87		168.94		85.24		75.38		556.14		1078.70
1909.00		13.40		511.37		-6.83		-4.90		171.53		85.99		75.69		559.77		1081.60
1910.00		13.44		516.49		-6.81		-4.85		172.68		86.81		76.42		563.08		1085.60
1911.00		13.66		521.65		-4.26		-4.90		167.58		84.26		76.62		564.85		1088.70
1912.00		13.66		526.87		-4.71		-4.82		171.82		86.14		77.94		567.38		1090.70
1913.00		13.57		532.14		-5.89		-5.13		172.88		86.35		76.76		570.53		1093.40
1914.00		13.51		537.46		-6.94		-5.05		177.18		88.29		78.02		574.09		1096.30
1915.00		13.63		542.83		-5.72		-4.96		174.67		86.55		77.28		576.45		1099.90
1916.00		13.78		548.26		-3.49		-5.00		170.53		84.92		77.96		578.09		1103.20
1917.00		13.75		553.74		-3.47		-5.21		170.18		85.15		78.22		579.78		1104.70
1918.00		13.69		559.28		-5.47		-5.12		175.67		87.24		78.03		582.11		1107.00
1919.00		13.65		564.87		-6.63		-5.20		179.69		89.15		78.76		585.21		1110.20
1920.00		13.53		570.52		-6.47		-5.19		178.88		89.26		79.03		588.05		1113.20
1921.00		13.82		576.23		-4.42		-5.19		179.45		87.56		79.34		591.05		1116.00
1922.00		13.74		581.99		-3.55		-5.21		172.30		85.59		78.41		592.25		1118.80
1923.00		13.72		587.81		-4.25		-5.29		177.28		87.80		79.80		594.39		1120.70
1924.00		13.71		593.69		-5.11		-5.20		179.92		88.52		79.88		597.16		1122.90
1925.00		13.74		599.63		-5.25		-5.46		180.99		88.66		79.60		599.48		1124.90
1926.00		13.62		605.62		-5.02		-5.44		178.88		87.78		78.81		601.83		1127.90
1927.00		13.60		611.68		-5.90		-5.34		185.04		90.60		80.63		604.03		1130.80
1928.00		13.68		617.79		-6.26		-5.25		191.63		91.99		81.70		607.96		1133.30
1929.00		13.68		623.97		-6.22		-5.42		191.72		92.30		82.15		610.24		1137.60
1930.00		13.70		630.21		-3.85		-5.45		185.04		89.54		81.63		611.52		1141.60
1931.00		13.79		636.51		-4.17		-5.49		186.83		90.28		82.22		612.87		1144.30
1932.00		13.77		642.88		-5.14		-5.50		187.57		91.50		82.38		614.85		1146.10
1933.00		13.61		649.31		-4.65		-5.54		185.69		90.59		82.13		617.24		1149.10
1934.00		13.49		655.80		-6.72		-5.51		190.65		92.42		81.63		620.31		1151.40
1935.00		13.34		662.36		-5.36		-5.78		188.15		91.41		82.29		622.60		1154.80
1936.00		13.55		668.98		-5.31		-5.47		198.33		93.63		84.55		626.69		1156.60
1937.00		13.62		675.67		-5.76		-5.48		197.43		92.88		83.04		629.18		1159.90
1938.00		13.57		682.43		-4.19		-5.56		191.77		91.73		83.24		629.72		1164.20
1939.00		13.51		689.25		-4.55		-5.52		192.61		92.11		83.41		631.24		1167.20
1940.00		13.83		696.15		-1.84		-5.58		187.77		89.68		83.70		631.49		1170.20
1941.00		13.85		703.11		-3.42		-5.50		190.51		91.81		84.19		632.20		1171.70
1942.00		13.57		710.14		-5.11		-5.68		194.35		94.02		84.82		635.38		1172.70
1943.00		13.44		717.24		-7.24		-5.75		201.17		94.65		83.02		638.93		1175.80
1944.00		13.52		724.41		-4.66		-5.56		196.31		93.28		84.22		639.81		1180.60
1945.00		13.69		731.66		-3.37		-5.73		198.20		93.18		85.77		641.72		1182.70
1946.00		13.95		738.97		-1.99		-5.93		195.35		91.36		85.05		642.68		1184.90
1947.00		13.78		746.36		-3.94		-5.92		195.32		93.03		85.03		643.68		1186.30
1948.00		13.61		753.83		-6.42		-5.93		201.46		95.99		85.30		647.03		1188.00
1949.00		13.54		761.36		-5.66		-5.93		200.64		94.88		84.85		649.89		1191.60
1950.00		13.69		768.98		-4.05		-5.79		200.95		94.33		85.90		651.07		1195.10
1951.00		13.68		776.67		-5.10		-6.01		203.10		95.52		86.09		653.49		1197.20
1952.00		13.80		784.44		-3.16		-5.78		198.65		92.83		85.14		654.12		1200.90
1953.00		13.85		792.28		-1.22		-5.80		199.00		93.73		88.19		654.61		1203.00
1954.00		13.56		800.20		-5.54		-6.15		203.09		96.13		86.54		657.24		1202.80
1955.00		13.53		808.20		-6.47		-6.09		210.46		97.83		86.47		660.68		1205.80
1956.00		13.59		816.29		-5.14		-5.85		206.49		95.80		86.21		662.30		1210.10
1957.00		13.82		824.45		-2.92		-5.91		204.33		93.86		86.37		663.21		1213.40
1958.00		13.94		832.69		-3.49		-5.96		212.04		97.82		89.88		664.46		1215.20
1959.00		13.64		841.02		-6.59		-6.35		212.67		98.65		87.33		667.07		1217.70
1960.00		13.72		849.43		-3.76		-6.01		211.37		96.77		88.55		668.73		1220.90
1961.00		13.62		857.93		-3.63		-6.33		212.39		96.50		88.27		670.76		1223.00
1962.00		13.81		866.50		-3.00		-6.12		204.49		94.46		87.01		671.09		1226.00
1963.00		13.84		875.17		-2.71		-6.36		204.93		94.35		86.98		671.58		1228.00
1964.00		13.81		883.92		-2.57		-6.35		206.49		95.96		88.69		672.04		1229.80
1965.00		13.79		892.76		-3.25		-6.25		207.82		96.44		88.47		673.96		1231.00
1966.00		13.72		901.69		-3.48		-6.31		207.49		96.66		88.50		675.56		1233.00
1967.00		13.68		910.70		-5.42		-6.28		213.33		97.94		88.11		678.51		1234.10
1968.00		13.58		919.81		-6.77		-6.38		219.88		100.64		89.33		681.55		1237.30
1969.00		13.49		929.01		-5.88		-6.14		224.12		99.77		89.29		684.01		1241.40
1970.00		13.68		938.30		-3.55		-6.35		217.98		98.02		89.56		685.08		1245.40
1971.00		13.74		947.68		-4.85		-6.22		218.95		99.14		89.38		686.01		1248.50
1972.00		13.82		957.16		-2.14		-6.26		215.41		97.46		90.39		687.05		1250.90
1973.00		13.84		966.73		-3.43		-6.16		214.75		98.04		89.75		688.13		1252.70
1974.00		13.92		976.40		-3.11		-6.05		214.04		97.42		89.22		688.53		1255.70
1975.00		13.78		986.16		-3.18		-6.28		214.04		99.56		91.61		688.29		1258.20
1976.00		13.53		996.02		-5.68		-6.38		223.18		102.18		91.58		691.66		1259.70
1977.00		13.53		1005.98		-5.85		-6.34		228.85		101.90		90.43		694.48		1262.90
1978.00		13.55		1016.04		-2.89		-6.20		226.17		99.97		91.90		695.39		1266.00
1979.00		13.61		1026.20		-4.34		-6.54		225.78		100.01		90.53		696.93		1268.70
1980.00		13.71		1036.47		-2.67		-6.50		226.37		100.60		92.78		698.04		1270.60
1981.00		13.81		1046.83		-2.59		-6.42		222.24		98.35		90.45		699.00		1272.50
1982.00		13.86		1057.30		-2.48		-6.34		221.47		98.97		91.25		699.45		1274.20
1983.00		13.80		1067.87		-2.79		-6.12		220.88		99.11		91.02		700.39		1276.30
1984.00		13.62		1078.55		-5.34		-6.42		227.88		102.60		92.18		702.97		1277.80
1985.00		13.61		1089.34		-3.10		-6.20		223.09		99.13		90.97		703.94		1281.10
1986.00		13.70		1100.23		-2.40		-5.90		219.16		98.07		90.62		703.92		1284.20
1987.00		13.79		1111.23		-3.17		-6.44		222.88		100.70		92.42		705.02		1285.00
1988.00		13.72		1122.35		-4.20		-6.20		229.80		102.31		92.52		707.49		1286.90
1989.00		13.82		1133.57		-3.26		-6.33		228.74		101.56		93.17		708.61		1289.30