YEAR		ST		CO2		LA_CO2_FLUX	OA_CO2_FLUX	GPP		NPP		HETERES		CLIVE		CDEAD
1850.00		13.44		284.30		-1.24		0.07		119.77		61.78		58.10		429.95		965.91
1851.00		13.57		287.14		0.09		0.11		118.70		60.96		58.58		430.62		966.05
1852.00		13.69		290.01		1.61		0.10		116.15		59.31		58.53		429.72		965.64
1853.00		13.74		292.91		0.64		-0.09		118.05		60.50		58.47		428.98		965.67
1854.00		13.79		295.84		1.04		-0.03		116.38		59.45		58.11		428.31		965.54
1855.00		13.78		298.80		0.73		-0.02		117.62		60.21		58.60		427.59		965.33
1856.00		13.81		301.79		-0.13		0.17		119.47		61.17		58.69		428.05		964.32
1857.00		13.67		304.81		-2.62		0.03		123.00		64.06		59.09		429.28		963.95
1858.00		13.55		307.86		-0.82		0.12		121.42		62.72		59.45		430.30		965.23
1859.00		13.68		310.93		-0.37		-0.00		120.73		62.41		59.55		430.98		965.00
1860.00		13.85		314.04		1.18		-0.05		118.74		60.80		59.53		430.47		965.50
1861.00		13.85		317.18		1.15		-0.10		119.32		61.09		59.90		429.85		964.91
1862.00		13.77		320.36		-0.09		-0.14		120.89		62.00		59.45		430.26		963.88
1863.00		13.80		323.56		0.06		0.02		120.12		61.48		59.19		430.13		963.88
1864.00		13.74		326.80		-0.89		0.02		122.10		62.90		59.66		430.65		963.59
1865.00		13.92		330.06		0.02		0.00		121.29		61.93		59.43		431.87		963.33
1866.00		14.09		333.36		2.43		-0.19		117.27		59.23		59.29		430.29		963.81
1867.00		14.04		336.70		1.65		-0.09		117.72		60.01		59.11		428.40		963.37
1868.00		13.90		340.06		1.12		-0.04		117.55		60.03		58.72		427.92		962.25
1869.00		13.76		343.47		-1.83		0.04		120.56		62.37		58.07		429.43		961.07
1870.00		13.84		346.90		-0.04		0.14		119.31		60.98		58.46		429.94		961.37
1871.00		13.93		350.37		0.79		-0.04		119.19		60.81		58.91		429.76		961.24
1872.00		13.86		353.87		-0.20		0.07		119.59		61.44		58.98		429.97		960.68
1873.00		14.00		357.41		0.82		0.15		120.57		61.03		59.42		430.02		960.79
1874.00		14.07		360.99		0.27		0.20		122.05		62.20		60.04		429.80		959.96
1875.00		13.97		364.60		-0.77		0.05		123.20		63.18		59.84		430.75		959.42
1876.00		13.88		368.24		-2.48		0.05		124.40		64.03		59.09		431.42		960.70
1877.00		13.98		371.92		-0.47		0.22		123.97		63.48		60.52		430.99		962.28
1878.00		14.04		375.64		0.17		0.21		122.82		62.94		60.45		431.27		962.26
1879.00		14.17		379.40		0.59		0.09		122.05		62.08		60.24		431.82		961.82
1880.00		14.34		383.19		2.46		0.03		119.07		59.93		59.91		430.98		961.05
1881.00		14.34		387.03		1.39		0.05		120.50		61.13		60.29		429.73		959.67
1882.00		14.20		390.90		-0.90		0.05		124.47		63.44		60.16		430.97		958.72
1883.00		14.15		394.80		-0.34		0.09		122.29		62.27		59.47		430.95		958.90
1884.00		14.21		398.75		-0.16		-0.00		122.81		62.44		59.88		431.67		958.70
1885.00		14.34		402.74		2.14		0.05		118.32		59.54		59.05		430.77		959.02
1886.00		14.32		406.77		0.67		0.13		121.59		62.21		60.39		430.33		957.46
1887.00		14.29		410.84		0.15		0.14		121.58		61.84		59.49		430.81		957.00
1888.00		14.34		414.94		1.53		0.13		119.36		60.24		59.40		429.64		957.37
1889.00		14.44		419.09		0.95		0.23		122.59		61.92		60.55		429.40		956.13
1890.00		14.31		423.28		-1.21		0.29		124.19		63.67		60.22		430.36		954.96
1891.00		14.41		427.52		-1.10		0.26		125.18		63.87		60.34		432.34		954.57
1892.00		14.51		431.79		0.44		0.12		123.23		62.26		60.12		432.15		955.15
1893.00		14.59		436.11		0.27		0.05		123.55		62.80		60.72		432.30		954.54
1894.00		14.83		440.47		2.51		0.10		120.94		60.67		60.53		431.27		954.44
1895.00		14.72		444.88		0.79		-0.03		122.01		61.82		60.28		430.52		953.05
1896.00		14.61		449.32		-0.19		0.15		124.89		63.30		60.71		431.18		952.16
1897.00		14.73		453.82		-0.54		0.15		126.20		63.89		60.89		432.54		951.41
1898.00		14.79		458.36		1.41		0.18		122.41		61.42		60.30		432.70		950.94
1899.00		14.88		462.94		1.77		0.20		120.79		60.46		59.65		431.92		949.95
1900.00		14.62		467.57		-1.79		0.08		126.99		64.74		60.59		432.79		949.01
1901.00		14.64		472.24		-1.04		-0.16		127.24		64.54		61.01		433.31		949.79
1902.00		14.79		476.97		0.64		0.02		125.26		63.34		61.39		433.42		950.11
1903.00		14.98		481.74		1.98		0.10		121.54		60.63		60.26		432.73		949.75
1904.00		15.01		486.55		2.68		0.23		120.39		60.00		60.28		430.38		949.18
1905.00		14.78		491.42		-1.12		0.10		125.47		63.91		60.54		431.49		947.22
1906.00		14.77		496.33		-1.35		0.14		125.18		63.30		59.55		433.46		946.88
1907.00		15.05		501.30		1.45		0.19		124.60		62.27		61.06		433.42		947.22
1908.00		15.02		506.31		-0.40		0.24		125.66		63.29		60.48		433.53		945.97
1909.00		14.97		511.37		0.72		0.15		125.16		62.88		61.16		433.99		945.64
1910.00		14.88		516.49		-1.38		0.06		128.96		65.33		61.59		434.77		944.89
1911.00		14.94		521.65		-0.06		0.10		125.84		63.52		61.11		435.60		945.08
1912.00		15.00		526.87		0.42		0.24		125.00		62.73		60.43		435.57		944.89
1913.00		15.03		532.14		0.33		0.22		125.76		63.32		61.13		435.74		944.26
1914.00		15.03		537.46		-0.63		0.07		125.91		63.62		60.40		436.06		944.33
1915.00		15.17		542.83		-0.10		0.06		127.01		64.05		61.41		436.61		943.93
1916.00		15.16		548.26		-0.10		0.11		126.22		63.50		60.94		437.15		943.52
1917.00		15.27		553.74		1.31		0.12		124.20		62.11		60.98		436.61		943.71
1918.00		15.26		559.28		0.89		0.22		124.67		62.52		61.10		436.49		942.74
1919.00		15.21		564.87		0.25		0.09		125.63		63.25		61.20		436.94		941.54
1920.00		14.98		570.52		-2.14		0.27		128.00		65.12		60.68		438.35		940.64
1921.00		15.04		576.23		-1.43		0.30		128.99		65.27		61.41		440.06		941.34
1922.00		15.17		581.99		-0.51		0.22		128.40		64.67		61.71		440.36		942.11
1923.00		15.29		587.81		-0.12		0.16		128.04		64.44		61.91		440.60		941.83
1924.00		15.38		593.69		1.09		0.09		123.89		61.92		60.68		439.98		942.43
1925.00		15.66		599.63		3.95		0.24		120.21		59.01		60.49		437.29		941.92
1926.00		15.37		605.62		-0.04		-0.18		125.99		63.30		60.71		437.26		939.91
1927.00		15.23		611.68		-2.11		0.19		130.34		65.76		61.16		439.18		939.66
1928.00		15.39		617.79		0.32		0.32		126.25		63.16		60.98		439.38		940.24
1929.00		15.53		623.97		0.00		0.05		127.63		64.06		61.64		439.47		940.00
1930.00		15.65		630.21		1.78		0.25		124.35		61.71		61.18		439.14		939.39
1931.00		15.52		636.51		-1.12		0.10		128.37		64.64		61.00		439.65		938.43
1932.00		15.61		642.88		1.12		0.20		126.24		62.80		61.34		439.54		938.92
1933.00		15.73		649.31		2.10		0.13		123.03		61.07		60.85		438.58		937.84
1934.00		15.64		655.80		0.98		0.03		123.98		61.85		60.49		438.75		936.09
1935.00		15.61		662.36		-1.39		0.20		129.34		65.20		61.41		440.62		934.72
1936.00		15.65		668.98		-0.59		0.30		127.79		63.91		61.01		441.39		935.00
1937.00		15.71		675.67		1.93		0.10		123.13		60.89		60.35		440.28		935.47
1938.00		15.79		682.43		0.96		0.18		125.82		62.59		61.02		439.37		934.89
1939.00		15.81		689.25		1.04		0.21		124.91		62.11		60.77		438.86		934.12
1940.00		15.82		696.15		-1.02		0.27		129.69		65.00		61.49		440.15		932.84
1941.00		15.85		703.11		-0.77		0.48		130.44		65.29		62.05		441.71		932.27
1942.00		15.81		710.14		-1.03		0.30		131.10		65.49		61.93		443.04		932.13
1943.00		15.78		717.24		-0.52		0.25		130.39		65.30		62.36		443.39		932.49
1944.00		15.96		724.41		0.37		0.45		130.29		64.61		62.44		443.33		932.99
1945.00		15.99		731.66		0.59		0.37		128.88		64.15		62.36		442.76		932.50
1946.00		15.91		738.97		-0.38		0.42		130.66		65.19		62.29		443.54		931.77
1947.00		15.97		746.36		-0.12		0.35		131.08		65.20		62.57		444.75		930.77
1948.00		16.10		753.83		1.11		0.35		127.75		63.19		61.85		445.12		930.22
1949.00		16.16		761.36		0.93		0.25		128.15		63.40		61.96		444.33		929.65
1950.00		16.23		768.98		0.44		0.28		129.47		63.97		61.90		444.35		928.97
1951.00		16.27		776.67		2.20		0.17		124.71		61.33		61.12		443.10		928.94
1952.00		16.15		784.44		-0.29		0.23		130.06		64.27		61.59		444.01		927.18
1953.00		16.21		792.28		0.61		0.24		127.04		62.85		61.14		444.34		926.61
1954.00		16.11		800.20		-0.43		0.26		128.43		64.27		61.60		445.02		925.60
1955.00		16.11		808.20		-1.68		0.26		132.49		66.02		61.83		446.79		924.83
1956.00		16.30		816.29		-0.59		0.40		132.57		65.54		62.47		447.84		925.38
1957.00		16.45		824.45		1.49		0.42		127.13		62.37		61.39		446.94		926.14
1958.00		16.27		832.69		1.87		0.28		125.11		62.06		61.55		445.34		925.20
1959.00		16.17		841.02		-1.91		0.36		131.85		65.96		61.68		447.19		923.67
1960.00		16.35		849.43		0.53		0.41		130.53		64.41		62.58		448.14		923.77
1961.00		16.45		857.93		1.36		0.46		126.25		62.22		61.27		447.21		923.57
1962.00		16.59		866.50		0.65		0.37		129.27		63.41		61.73		446.60		923.17
1963.00		16.72		875.17		1.28		0.49		129.05		63.29		62.14		445.86		922.99
1964.00		16.57		883.92		-0.84		0.34		131.25		65.28		62.21		446.65		921.67
1965.00		16.72		892.76		0.66		0.38		130.75		64.24		62.70		447.28		921.28
1966.00		16.74		901.69		1.28		0.38		128.01		62.67		61.60		446.86		920.80
1967.00		16.67		910.70		-0.33		0.36		132.36		65.22		62.48		446.82		920.08
1968.00		16.64		919.81		-0.90		0.50		132.67		65.29		61.99		448.64		919.21
1969.00		16.73		929.01		0.71		0.47		130.03		63.84		62.01		448.20		919.53
1970.00		16.74		938.30		0.26		0.27		130.63		64.17		61.87		448.35		919.23
1971.00		16.89		947.68		2.35		0.23		125.40		60.63		60.60		447.39		919.44
1972.00		17.22		957.16		3.70		0.49		124.89		60.00		61.35		445.11		917.86
1973.00		17.09		966.73		1.55		0.23		126.20		61.56		60.73		444.59		916.27
1974.00		16.93		976.40		-1.25		0.35		132.96		65.34		61.61		445.98		914.46
1975.00		17.06		986.16		0.23		0.32		131.75		64.29		61.93		446.26		914.83
1976.00		17.11		996.02		1.50		0.26		128.86		62.53		61.62		446.12		913.82
1977.00		17.01		1005.98		-0.55		0.36		132.82		64.94		61.94		446.94		912.91
1978.00		17.05		1016.04		-0.49		0.39		133.81		65.55		62.65		447.74		912.38
1979.00		17.13		1026.20		0.15		0.27		132.31		64.55		62.47		448.66		911.71
1980.00		17.24		1036.47		0.73		0.40		134.59		65.15		63.42		448.97		910.71
1981.00		17.12		1046.83		-0.13		0.50		134.36		65.50		63.03		449.74		909.74
1982.00		17.24		1057.30		-0.62		0.40		134.96		65.56		62.47		450.48		909.82
1983.00		17.36		1067.87		0.70		0.62		135.98		65.75		64.09		450.40		909.57
1984.00		17.32		1078.55		0.36		0.40		133.78		64.88		62.83		451.21		908.30
1985.00		17.32		1089.34		0.01		0.49		134.32		65.36		63.00		451.03		907.98
1986.00		17.34		1100.23		0.44		0.40		134.73		65.03		62.92		451.38		907.66
1987.00		17.42		1111.23		0.94		0.49		132.98		63.89		62.15		451.24		907.23
1988.00		17.49		1122.35		1.68		0.60		131.81		63.17		62.45		449.81		907.26
1989.00		17.38		1133.57		1.01		0.50		131.39		63.40		62.02		449.90		905.77