Year ST CO2 LA_CO2_FLUX OA_CO2_FLUX GPP NPP HETRES CLIVE CDEAD
       1850.5000       286.94980      287.046       1.3743892     -0.51592422       117.78380       59.028736       59.496253       582.29390       1775.0386
       1851.5000       286.80759      289.917     -0.72018961     -0.52522291       119.64744       60.521514       58.878907       582.91344       1774.3630
       1852.5000       286.76075      292.816     -0.29465960     -0.83153942       116.85856       59.295160       58.130370       583.08021       1774.3808
       1853.5000       286.67939      295.744      -2.0503548      -1.0776150       119.68625       60.653083       57.708355       583.59043       1775.2495
       1854.5000       286.73607      298.702      -1.6736335      -1.3394193       120.79400       61.222865       58.638273       584.27353       1776.4024
       1855.5000       286.79704      301.689      -1.1647112      -1.5634186       120.82753       60.884292       58.817722       585.46749       1776.7603
       1856.5000       286.81196      304.706      -1.2817005      -1.5793725       122.25052       61.765706       59.560968       586.44636       1776.7412
       1857.5000       286.58630      307.753      -3.1182819      -1.5731192       123.05125       62.755832       58.715279       587.68708       1777.8460
       1858.5000       286.61669      310.830      -3.1384183      -1.9314068       122.42580       62.010216       57.991800       589.29570       1779.6627
       1859.5000       286.71614      313.939      -2.0729863      -2.0120313       123.03637       62.432491       59.420644       590.73966       1780.4876
       1860.5000       286.64640      317.078      -2.5630487      -1.9763969       126.52164       64.112343       60.573141       592.56666       1781.1634
       1861.5000       286.50237      320.249      -4.2175992      -2.0457612       127.06564       64.115509       58.957838       594.54839       1782.5915
       1862.5000       286.55849      323.451      -2.8806063      -2.3238129       129.56303       64.867380       61.025795       596.86092       1784.0021
       1863.5000       286.64523      326.686      -3.3101140      -2.4148943       128.78725       64.989571       60.705851       598.98644       1784.4721
       1864.5000       286.68959      329.952      -3.1587523      -2.5701728       128.22172       64.375169       60.265992       600.95916       1786.0674
       1865.5000       286.62750      333.252      -2.9387381      -2.7328200       127.37580       64.232141       60.303692       602.91686       1787.0336
       1866.5000       286.58131      336.585      -2.3956882      -2.8212756       126.89228       64.331678       61.000272       604.76874       1787.7306
       1867.5000       286.47827      339.950      -4.0381028      -2.7651305       129.88390       65.717584       60.731712       607.21692       1788.7195
       1868.5000       286.37066      343.350      -4.2452954      -2.9622979       129.05698       65.028156       59.857217       609.67847       1790.5346
       1869.5000       286.43336      346.783      -3.8117213      -3.1148259       130.50673       65.622389       60.879036       612.06053       1792.0666
       1870.5000       286.58328      350.251      -2.5963522      -3.0916182       128.29281       64.504362       60.992361       614.32801       1792.9668
       1871.5000       286.50893      353.754      -4.8989809      -3.1939933       132.17869       66.888027       60.998595       617.16194       1793.9279
       1872.5000       286.50684      357.291      -5.0288364      -3.3270095       134.12124       67.225357       61.199372       620.05668       1796.0455
       1873.5000       286.66126      360.864      -3.1947894      -3.4597571       129.82823       65.110342       60.937068       622.49903       1797.6794
       1874.5000       286.73157      364.473      -2.7116437      -3.4244972       130.95040       65.532920       61.860433       624.80320       1798.1059
       1875.5000       286.58902      368.118      -4.5002303      -3.5666784       137.14906       69.082042       63.568183       627.71242       1799.0364
       1876.5000       286.46819      371.799      -5.5536947      -3.5518535       138.61209       69.118954       62.566813       631.16766       1800.6880
       1877.5000       286.51722      375.517      -4.6573342      -3.5946070       132.92847       66.326190       60.676620       634.05841       1802.8891
       1878.5000       286.67312      379.272      -3.1691302      -3.6984060       131.42382       65.548919       61.437689       636.35168       1804.1145
       1879.5000       286.64882      383.065      -4.1315185      -3.8427457       132.37234       66.317197       61.299156       639.07523       1805.6178
       1880.5000       286.68059      386.895      -3.5280994      -3.8430221       136.41597       67.821771       63.326196       641.78987       1806.2987
       1881.5000       286.48433      390.764      -6.3772390      -3.7529244       139.46329       69.866591       62.501964       645.25448       1807.9583
       1882.5000       286.47717      394.672      -4.3350035      -3.7921999       136.82967       67.222241       61.936940       648.25668       1810.5772
       1883.5000       286.51103      398.619      -4.6365150      -3.9835823       136.38590       67.920913       62.353777       650.97046       1812.0457
       1884.5000       286.61644      402.605      -4.0355427      -4.0257296       136.44076       67.797380       62.815998       654.14668       1813.2934
       1885.5000       286.69376      406.631      -4.0786633      -4.0790673       136.77590       67.774625       62.745794       657.02561       1814.7048
       1886.5000       286.73589      410.697      -4.3240676      -4.0147237       139.39749       69.011236       63.756221       660.08194       1815.6095
       1887.5000       286.60608      414.804      -5.3596814      -4.1538768       140.51136       69.805577       63.533397       663.36224       1817.0965
       1888.5000       286.61481      418.952      -4.1160858      -3.9977549       141.65401       69.794765       64.746960       666.55793       1818.5541
       1889.5000       286.52566      423.142      -6.2421809      -3.9751763       144.82725       71.794321       64.555385       670.25508       1820.3898
       1890.5000       286.54572      427.373      -6.0412639      -4.1187052       144.99603       71.021011       64.057614       674.06722       1822.7005
       1891.5000       286.67677      431.647      -3.9344133      -4.1174597       142.19046       69.530007       64.684081       677.36727       1824.1648
       1892.5000       286.81541      435.963      -3.0780097      -4.3970387       140.30892       68.745398       64.701450       680.26257       1824.7139
       1893.5000       286.56822      440.323      -5.2344675      -4.2421796       146.14990       72.097457       65.879432       683.09795       1825.5727
       1894.5000       286.49820      444.726      -6.5351548      -4.4703199       149.23743       73.042915       65.518752       687.29451       1828.2181
       1895.5000       286.72540      449.173      -4.9262955      -4.5429201       146.81219       71.528717       65.631972       690.83794       1830.1558
       1896.5000       286.74224      453.665      -4.7802291      -4.3034149       146.61548       71.295981       65.578599       694.18553       1831.4199
       1897.5000       286.67548      458.202      -5.9054791      -4.4718804       146.94615       71.658756       64.820485       697.37225       1833.7698
       1898.5000       286.63884      462.784      -4.7769829      -4.4685213       146.24221       71.140869       65.419970       700.69501       1835.9171
       1899.5000       286.64278      467.412      -4.4866443      -4.4644073       147.34038       71.918472       66.422824       703.50554       1837.5388
       1900.5000       286.60340      472.086      -6.7665181      -4.4564034       153.39229       74.936575       67.103414       707.45834       1839.1236
       1901.5000       286.58622      476.807      -5.7061504      -4.4197018       152.76890       73.866055       67.134785       711.44300       1841.4225
       1902.5000       286.63397      481.575      -5.3056682      -4.6184862       151.17851       72.675646       66.407402       715.16117       1843.6887
       1903.5000       286.80968      486.390      -4.3848062      -4.7293028       151.47335       73.105034       67.755803       718.15233       1844.9026
       1904.5000       286.80240      491.254      -4.9838421      -4.7178250       152.83058       73.585351       67.617251       721.44441       1846.7016
       1905.5000       286.80675      496.167      -5.9960190      -4.6445651       156.46994       75.223139       68.222396       725.27303       1848.4649
       1906.5000       286.70996      501.129      -5.6818995      -4.8716333       156.36739       75.253957       68.549407       728.73819       1850.6043
       1907.5000       286.58554      506.140      -6.2685486      -4.7980396       155.71375       74.327720       67.053915       732.42823       1853.3072
       1908.5000       286.73158      511.201      -5.1477874      -4.8438819       154.48543       73.463377       67.329854       735.37575       1855.8717
       1909.5000       286.94124      516.313      -3.3356377      -4.9178186       154.26136       73.103522       68.833435       738.11902       1857.1485
       1910.5000       286.81024      521.476      -3.6927302      -4.8088910       154.74990       74.356152       69.695538       740.75517       1857.5258
       1911.5000       286.47747      526.691      -7.3891104      -4.7513317       165.48416       79.420682       70.939438       744.84364       1860.0317
       1912.5000       286.43442      531.958      -7.7261908      -4.8775805       167.31886       78.120882       69.312290       749.00979       1863.1729
       1913.5000       286.74885      537.278      -5.9705416      -4.9909544       163.21825       76.310223       69.331697       752.88519       1866.1076
       1914.5000       286.91243      542.650      -3.1532071      -4.9509859       159.42633       75.784473       71.624182       755.89539       1867.2535
       1915.5000       286.77457      548.077      -6.6610000      -4.7829214       166.90168       79.505992       71.790715       759.80928       1868.3977
       1916.5000       286.58518      553.558      -7.0644288      -4.9538161       164.74842       77.465786       69.308165       763.94444       1871.5987
       1917.5000       286.53744      559.093      -6.5407090      -5.1210780       164.85789       77.213292       69.556820       767.31268       1874.8437
       1918.5000       286.79289      564.684      -4.6183649      -5.0875517       164.28940       76.787767       71.182150       770.52801       1877.0879
       1919.5000       286.81242      570.331      -4.6924825      -5.0341722       164.75627       78.189770       72.437472       773.78438       1878.1503
       1920.5000       286.66939      576.034      -7.4575697      -5.0198625       170.41003       79.805468       71.269624       777.84894       1880.6997
       1921.5000       286.81985      581.795      -4.4927677      -5.0425400       166.45944       77.835979       72.312105       781.09839       1882.8588
       1922.5000       286.81423      587.613      -4.3977116      -4.9806220       164.44990       77.416753       71.994882       783.58932       1884.6182
       1923.5000       286.76627      593.489      -5.6760047      -5.0901485       168.07565       78.977791       72.257030       786.80442       1886.9392
       1924.5000       286.87376      599.424      -3.8973353      -5.2646446       162.42953       75.248154       70.317383       789.39389       1889.1364
       1925.5000       286.91174      605.418      -3.1018996      -5.0941789       161.78847       75.752590       71.578209       791.09413       1890.4737
       1926.5000       286.70778      611.472      -6.2458810      -4.8945952       173.26933       81.568449       74.230827       793.93056       1892.4028
       1927.5000       286.60144      617.587      -6.9276819      -5.0023327       176.43923       81.386170       73.313245       797.82010       1895.5815
       1928.5000       286.57448      623.763      -5.9941907      -4.9931787       176.42928       81.135787       74.035239       801.01514       1898.6160
       1929.5000       286.77431      630.000      -6.0088849      -5.2014138       177.62802       81.852529       74.772674       804.86892       1901.0887
       1930.5000       287.02276      636.300      -2.8139900      -5.4006628       168.80699       77.768570       73.924987       807.66298       1902.6244
       1931.5000       286.95004      642.663      -4.6212252      -5.3626478       174.64670       81.668589       76.010089       810.58977       1903.0454
       1932.5000       286.82657      649.090      -6.8056103      -5.3967790       179.25414       83.216855       75.267170       814.49834       1905.3721
       1933.5000       286.63473      655.581      -7.1471843      -5.2597160       182.20544       83.513312       75.243892       818.47597       1908.1005
       1934.5000       286.83306      662.137      -5.1981419      -5.3857147       178.74042       81.992953       75.703515       821.91963       1910.8193
       1935.5000       286.85389      668.758      -5.0429196      -5.3814398       179.22716       82.684286       76.528252       825.23932       1912.4242
       1936.5000       286.82560      675.445      -5.8199888      -5.5558673       182.11429       83.168129       76.227847       828.68551       1914.7640
       1937.5000       286.90647      682.200      -5.6810850      -5.6452624       181.59653       82.366123       75.575168       831.55209       1917.5356
       1938.5000       287.03760      689.022      -4.0211707      -5.4422962       179.89774       82.662540       77.519187       834.33110       1919.2254
       1939.5000       286.81623      695.912      -6.6683212      -5.3479993       183.71182       84.081733       76.306383       837.56770       1921.8676
       1940.5000       286.83235      702.871      -5.2990481      -5.4242581       182.90865       83.022731       76.652134       840.67774       1924.7671
       1941.5000       287.05268      709.900      -4.1395040      -5.4110954       183.80510       83.345224       78.157126       843.48276       1926.7058
       1942.5000       286.96919      716.999      -4.7792720      -5.4967407       186.04013       85.995295       80.124456       846.67912       1927.5498
       1943.5000       286.86511      724.169      -6.1345232      -5.4849481       185.48350       85.315245       78.093105       850.00943       1929.8196
       1944.5000       286.85554      731.411      -6.4012691      -5.2161217       188.50976       85.245546       77.730208       853.53056       1932.6478
       1945.5000       286.74031      738.725      -5.7052166      -5.3666812       190.14254       85.729758       78.919297       856.82833       1935.4821
       1946.5000       286.84270      746.112      -4.2974645      -5.4726856       184.98988       83.196231       77.828733       859.49855       1938.0204
       1947.5000       286.90651      753.573      -4.5746072      -5.3938454       187.11831       84.921994       79.287863       861.59449       1939.8054
       1948.5000       286.70652      761.109      -6.0081261      -5.4620292       194.30846       86.970726       79.852450       864.79523       1942.3550
       1949.5000       286.74802      768.720      -5.6691525      -5.5076521       192.76140       87.319516       80.478782       867.64270       1945.0443
       1950.5000       286.99500      776.407      -4.2356620      -5.6129707       186.48789       83.711684       78.384734       870.40986       1947.6308
       1951.5000       287.09575      784.171      -3.5564444      -5.6582479       185.91024       84.009528       79.367179       872.16666       1949.2105
       1952.5000       286.88350      792.013      -5.2782171      -5.9308057       189.46298       85.659793       79.270856       874.36561       1951.4814
       1953.5000       286.99928      799.933      -3.6218844      -5.7616081       188.80713       84.998149       80.221212       876.45473       1954.0410
       1954.5000       286.84965      807.932      -5.4283083      -5.4001251       193.40819       87.472408       80.895503       878.74191       1956.0546
       1955.5000       286.79923      816.012      -5.2303626      -5.6180064       192.57243       86.013779       79.652020       881.37161       1958.9231
       1956.5000       286.73528      824.172      -5.5284095      -5.4815923       196.52597       88.193782       81.470088       884.16470       1961.4367
       1957.5000       286.65366      832.414      -6.5408400      -5.4725283       199.01539       88.436782       80.693199       887.13848       1964.5596
       1958.5000       286.94410      840.738      -3.8654812      -5.4704530       194.67508       86.669764       81.664044       889.84974       1967.0937
       1959.5000       286.78772      849.145      -5.6573669      -5.4784760       197.64990       87.600822       80.830831       892.44131       1969.4402
       1960.5000       286.76944      857.637      -4.9887939      -5.4957516       195.23287       85.945716       79.790243       894.63242       1972.4443
       1961.5000       286.92786      866.213      -3.9237497      -5.7189520       195.28001       86.648030       81.552606       896.34813       1975.0360
       1962.5000       286.98146      874.875      -4.5453931      -5.7914374       199.48614       89.269176       83.532693       898.93596       1976.7916
       1963.5000       286.96888      883.624      -3.2356367      -5.8751987       195.40502       87.588246       83.221036       900.83769       1978.4280
       1964.5000       286.83705      892.460      -4.2183949      -5.5827738       196.47805       88.584269       83.242604       902.92255       1980.3881
       1965.5000       286.76517      901.385      -4.3767102      -5.6331289       193.24225       86.162752       80.630915       904.27901       1983.3645
       1966.5000       286.85058      910.398      -4.5428254      -5.7112987       197.16126       86.961432       81.291462       906.00227       1986.2841
       1967.5000       287.00986      919.502      -3.3725173      -5.6877435       197.60286       87.846370       83.354552       907.70666       1988.0744
       1968.5000       286.88216      928.698      -6.0368651      -5.5248115       206.88706       92.280486       85.070413       910.57810       1990.0263
       1969.5000       286.77745      937.985      -6.4423756      -5.7712480       208.84519       92.197797       84.533811       914.01154       1992.8858
       1970.5000       286.92847      947.364      -5.3162436      -5.8535480       208.34777       90.924253       84.404756       917.06461       1995.8531
       1971.5000       287.03209      956.838      -4.0183192      -5.7741996       203.20969       89.601940       84.424454       919.18929       1998.0569
       1972.5000       287.02676      966.406      -2.9821922      -5.7783110       202.52672       89.123259       85.020183       921.18094       2000.1147
       1973.5000       287.15817      976.070      -3.8257864      -5.8580424       205.55172       91.501096       86.500663       923.16340       2001.1373
       1974.5000       286.98572      985.831      -6.5716299      -5.6515262       213.80555       95.209885       87.402385       926.05867       2003.3338
       1975.5000       286.92186      995.689      -5.6338508      -5.7428084       216.99664       95.062743       88.182174       929.15666       2006.5873
       1976.5000       287.00394      1005.65      -5.4623224      -5.7538571       214.15885       93.998767       87.356594       932.22239       2009.1649
       1977.5000       287.00251      1015.70      -3.8700292      -6.0301380       208.03357       91.659163       86.625752       934.57565       2011.4895
       1978.5000       287.08803      1025.86      -5.2731540      -6.1403945       210.94412       93.199416       86.698527       936.71757       2013.8544
       1979.5000       287.18810      1036.12      -4.0203971      -5.8729619       209.60626       91.937990       86.708221       938.53353       2016.6285
       1980.5000       287.12300      1046.48      -5.2418840      -5.9923257       217.50616       95.640338       89.195018       940.82860       2018.7836
       1981.5000       287.05694      1056.94      -4.9623560      -5.7007144       218.86315       95.807816       89.582180       943.54337       2021.5137
       1982.5000       287.12066      1067.51      -5.5356334      -5.8442823       217.86893       95.422590       88.659843       946.00261       2023.8954
       1983.5000       287.03232      1078.19      -5.0665413      -5.7899496       216.39571       93.925076       87.660559       948.62723       2026.9534
       1984.5000       287.07447      1088.97      -4.5203230      -6.0464990       217.18153       95.082127       89.365535       950.95966       2029.3104
       1985.5000       287.14887      1099.86      -3.5627728      -6.0941456       212.97056       93.609086       88.834696       952.99753       2031.2699
       1986.5000       287.10422      1110.86      -4.9068324      -5.7224621       220.84540       97.646602       91.526124       955.12129       2032.8871
       1987.5000       286.92837      1121.97      -6.6170199      -5.6341687       224.97412       97.360674       89.446772       958.15141       2036.4240
       1988.5000       287.04803      1133.19      -4.7004397      -5.9527307       220.77199       95.013999       89.067880       960.35599       2039.7645
       1989.5000       287.16693      1144.52      -3.8043143      -5.9296911       218.71125       95.915436       90.878785       961.85639       2042.0848
       1990.5000       287.07334      1155.96      -4.2783570      -6.0461572       220.38135       96.618290       91.119142       964.01083       2044.2648
       1991.5000       287.09248      1167.52      -4.7901857      -6.1870495       221.12848       97.125541       91.097985       966.08757       2046.6747
       1992.5000       287.23636      1179.20      -4.5696946      -6.1831018       225.43414       98.815263       93.002661       968.63006       2048.7295
       1993.5000       287.22587      1190.99      -4.8683384      -5.9036599       224.14405       98.323946       92.128527       970.98790       2051.1010
       1994.5000       287.04601      1202.90      -5.3765355      -6.2573718       228.98128       100.73697       94.037746       973.33164       2053.6025
       1995.5000       287.11261      1214.93      -5.2673345      -6.2575129       230.09474       99.100364       92.572584       975.95797       2056.9606
       1996.5000       287.17053      1227.08      -4.6170640      -5.9622753       229.02305       98.804473       92.900662       978.16170       2059.4358
       1997.5000       287.14539      1239.35      -5.5666241      -5.9975827       230.67633       100.02724       93.156532       980.75431       2061.9405
       1998.5000       287.18638      1251.74      -4.6052067      -5.8798329       229.92995       99.970307       94.135928       982.95366       2064.7194
       1999.5000       287.18265      1264.26      -5.1020590      -6.1868855       235.81901       102.79045       96.329216       985.41887       2066.8352
       2000.5000       287.12208      1276.90      -4.1770285      -5.8716035       229.40102       99.417227       93.957467       987.74043       2069.8178
