Year ST CO2 LA_CO2_FLUX OA_CO2_FLUX GPP NPP HETRES CLIVE CDEAD
       1850.5000       286.86713      287.046       1.0610558     -0.36333443       118.81819       59.508952       59.634960       582.24394       1774.9174
       1851.5000       286.72736      289.917      -2.0930808     -0.59608660       123.17694       62.437752       59.353157       583.33527       1774.7852
       1852.5000       286.72686      292.816      -2.0296961     -0.90049981       122.68662       61.938631       58.973249       584.53318       1775.8554
       1853.5000       286.71104      295.744      -1.0813387     -0.97956652       123.12369       62.009538       59.964489       585.64432       1776.3302
       1854.5000       286.67455      298.702      -2.6069165      -1.2150280       124.70277       63.050379       59.478379       586.83377       1777.0730
       1855.5000       286.79602      301.689      -2.0523356      -1.4130322       124.58685       62.939376       59.922982       588.04077       1777.9298
       1856.5000       286.81965      304.706      -1.5240826      -1.7299587       121.21535       61.408504       58.950986       589.22146       1778.6165
       1857.5000       287.00699      307.753     -0.33624176      -1.8120935       122.05393       61.483275       60.174935       590.39760       1778.5210
       1858.5000       286.94920      310.830      -2.2984069      -1.8383919       125.48286       63.444094       60.207735       592.00205       1777.8395
       1859.5000       286.90314      313.939      -2.2959077      -2.0545779       123.76303       62.440877       59.209691       593.64536       1778.8102
       1860.5000       286.98978      317.078      -1.4165905      -2.1772495       125.27020       62.894759       60.532121       595.06290       1779.2685
       1861.5000       287.04813      320.249     -0.79501854      -2.2495851       121.02903       60.910649       59.186447       595.98657       1779.3551
       1862.5000       287.02692      323.451    -0.064617171      -2.3323705       123.83806       61.877748       60.854271       596.86117       1778.8385
       1863.5000       286.86704      326.686      -4.3090984      -2.4552363       128.91061       65.446460       60.182086       598.76832       1779.4804
       1864.5000       286.96975      329.952      -3.2172298      -2.6894403       127.68057       64.255508       60.110946       600.87034       1781.0243
       1865.5000       287.14243      333.252     -0.74625355      -2.6184168       123.74453       62.024493       60.368961       602.46619       1781.1259
       1866.5000       286.95009      336.585      -3.1692095      -2.5875815       130.44094       65.846763       61.742068       604.28839       1781.1072
       1867.5000       286.86623      339.950      -3.9605569      -2.6087044       132.77876       66.663185       61.735554       606.96236       1782.5667
       1868.5000       286.92493      343.350      -5.2923624      -2.6732217       134.06524       67.316136       61.044631       610.11768       1783.9979
       1869.5000       287.12430      346.783      -2.5764922      -2.9605742       128.43137       64.187827       60.709127       612.44100       1785.5211
       1870.5000       287.35313      350.251     -0.40955370      -2.9656837       130.73561       64.643398       63.307743       614.34990       1784.5878
       1871.5000       287.24139      353.754      -4.3410021      -2.9738479       132.37410       66.446646       61.179814       617.00797       1784.9987
       1872.5000       287.21896      357.291      -3.1771010      -2.9031766       134.21884       67.169431       63.082059       619.40353       1785.9340
       1873.5000       287.32705      360.864      -2.8456640      -3.1796292       131.16886       65.521599       61.750093       622.17213       1786.8232
       1874.5000       287.51321      364.473      -2.2627476      -3.1372395       133.02366       66.326170       63.108848       624.25429       1786.4280
       1875.5000       287.36428      368.118      -4.6611364      -3.0778983       138.73335       69.288822       63.614838       627.08248       1787.4921
       1876.5000       287.35546      371.799      -3.9963525      -3.1469680       138.65521       68.763425       63.751179       630.13212       1788.9499
       1877.5000       287.43492      375.517      -4.9476650      -3.1793954       138.57103       69.024037       63.069154       633.18057       1790.2502
       1878.5000       287.52205      379.272      -3.8697693      -3.3500747       136.62081       67.992304       63.143592       635.95083       1791.9546
       1879.5000       287.67548      383.065      -2.8196367      -3.4320316       136.32562       67.421799       63.599405       638.51894       1792.7406
       1880.5000       287.66488      386.895      -4.0013582      -3.5952407       139.85091       69.274017       64.354378       641.22549       1793.4156
       1881.5000       287.69787      390.764      -3.3754195      -3.6382791       138.98413       68.593583       64.300176       644.09401       1794.2310
       1882.5000       287.85321      394.672      -2.9794604      -3.6677827       140.00745       69.044789       65.114794       647.14052       1794.5545
       1883.5000       287.53964      398.619      -4.4637038      -3.4565983       141.61720       70.212291       64.719862       649.73541       1795.3388
       1884.5000       287.61755      402.605      -7.2660487      -3.6048168       148.83589       73.460530       65.178725       653.51566       1797.5319
       1885.5000       287.94714      406.631      -3.6841500      -3.5885580       143.63913       69.991655       65.319921       657.23076       1799.5384
       1886.5000       288.09991      410.697      -1.4126748      -3.5632642       142.59866       69.067626       66.651521       659.68952       1799.3581
       1887.5000       287.90503      414.804      -4.5326741      -3.7052018       145.52040       71.371582       65.851192       662.38202       1799.9097
       1888.5000       288.00044      418.952      -3.5380025      -3.8690870       145.78385       71.444337       66.914660       665.35486       1800.8619
       1889.5000       288.02135      423.142      -5.3181530      -3.8318725       149.00842       73.315332       66.977853       668.89785       1801.6330
       1890.5000       287.98614      427.373      -3.9793936      -3.9085894       145.36018       70.918449       65.932473       671.75135       1803.3892
       1891.5000       287.98187      431.647      -5.0268216      -3.7165949       152.07661       74.069489       67.985743       674.90583       1804.6484
       1892.5000       287.90767      435.963      -5.7005299      -3.7154997       153.72382       74.340124       67.574415       678.84158       1806.7112
       1893.5000       288.08710      440.323      -4.7803380      -3.9921190       147.88774       71.866180       66.069414       681.87692       1808.6009
       1894.5000       288.28307      444.726      -1.6007134      -4.0493687       145.02949       69.976777       67.346418       684.29700       1809.3330
       1895.5000       288.40007      449.173      -2.8328570      -4.0853120       146.83807       71.099552       67.306436       686.49157       1809.2364
       1896.5000       288.44507      453.665      -2.5285513      -4.2347882       146.85166       71.007057       67.441721       689.09225       1809.4838
       1897.5000       288.50559      458.202      -2.9976768      -4.1856920       151.13062       72.752364       68.729582       691.59595       1809.3736
       1898.5000       288.44157      462.784      -4.9784432      -3.9934225       154.13048       74.815547       68.814256       694.89607       1810.4115
       1899.5000       288.44307      467.412      -4.3164985      -4.1599245       153.67384       74.524770       69.163368       698.23354       1811.7221
       1900.5000       288.47275      472.086      -4.0386832      -4.1608169       153.60515       74.044530       68.982711       701.58351       1813.0002
       1901.5000       288.51394      476.807      -3.7699708      -4.2036151       153.78880       74.004829       69.222435       704.27382       1813.7208
       1902.5000       288.50522      481.575      -3.2911150      -4.2159084       155.89411       75.059909       70.727645       707.14879       1814.3468
       1903.5000       288.61122      486.390      -4.1454587      -4.2275989       153.57798       74.161260       68.997085       710.34497       1815.2073
       1904.5000       288.69452      491.254      -2.3263380      -4.1528905       154.59626       73.899790       70.519587       712.89872       1815.6159
       1905.5000       288.53389      496.167      -4.9569224      -4.2054301       160.47963       77.177484       71.142412       715.94115       1816.1681
       1906.5000       288.63053      501.129      -4.6094664      -4.3538593       158.96833       76.412492       70.808424       719.33204       1817.5119
       1907.5000       288.79576      506.140      -3.7063189      -4.2986033       160.47040       76.314004       71.567594       722.76751       1818.5274
       1908.5000       288.80049      511.201      -4.9296713      -4.3340402       162.04948       77.708437       71.722419       725.90549       1819.7069
       1909.5000       288.71426      516.313      -3.6167890      -4.3505749       160.30020       76.573475       71.969066       729.05383       1820.6263
       1910.5000       288.71643      521.476      -5.1342115      -4.3935581       162.49007       77.721531       71.571103       732.28015       1821.9069
       1911.5000       288.78636      526.691      -5.4236869      -4.4318630       166.53403       79.424226       72.956184       735.94160       1823.7173
       1912.5000       288.80691      531.958      -4.7371235      -4.3756810       165.32704       78.943669       73.206918       739.69789       1824.8103
       1913.5000       288.82001      537.278      -4.7123305      -4.3345448       165.08738       78.627088       72.866508       743.25112       1825.8756
       1914.5000       289.02364      542.650      -3.0977653      -4.3874912       161.80872       76.427730       72.304001       746.13126       1826.9456
       1915.5000       289.04677      548.077      -2.8445454      -4.3881885       163.44164       77.076079       73.219765       748.89877       1827.2148
       1916.5000       289.18969      553.558      -3.5121513      -4.4443078       166.66941       78.962557       74.453452       751.89325       1827.2453
       1917.5000       289.25699      559.093      -4.8981812      -4.3444839       169.61868       79.793188       73.835623       755.47642       1828.1577
       1918.5000       289.44741      564.684      -1.8023661      -4.5804245       163.64511       76.211585       73.377804       758.06416       1829.1086
       1919.5000       289.56655      570.331     -0.79530845      -4.4068861       167.35404       77.504654       75.659377       759.93716       1827.5728
       1920.5000       289.31382      576.034      -6.1000227      -4.4759911       177.90982       83.196205       76.032471       763.47826       1828.3371
       1921.5000       289.42218      581.795      -5.4467355      -4.5269660       173.50299       81.236739       74.795704       767.05739       1830.4109
       1922.5000       289.45081      587.613      -3.6744835      -4.5115996       173.01067       81.073254       76.355706       770.48123       1831.5051
       1923.5000       289.54031      593.489      -3.2082252      -4.3129215       169.48062       79.136228       74.912995       773.25316       1832.1276
       1924.5000       289.55380      599.424      -2.9310371      -4.5400053       168.73719       78.852637       74.864728       775.60056       1833.3754
       1925.5000       289.66202      605.418      -1.9493854      -4.4708457       170.55163       79.085378       76.099656       777.66807       1833.3530
       1926.5000       289.65297      611.472      -3.6476104      -4.5475413       175.14154       81.823885       77.078746       780.16196       1833.2228
       1927.5000       289.60677      617.587      -5.2705401      -4.5411956       178.12912       82.905672       76.552259       783.64046       1834.6978
       1928.5000       289.83773      623.763     -0.88745377      -4.6203985       172.23744       79.283758       77.339116       786.16208       1835.4720
       1929.5000       290.06994      630.000       1.3630601      -4.5477792       172.57169       78.620468       78.932463       787.67306       1832.5306
       1930.5000       289.80980      636.300      -5.6067221      -4.5298936       186.31556       86.939882       80.236384       791.25320       1831.7067
       1931.5000       289.92719      642.663      -5.0388250      -4.5514658       185.80719       86.100391       79.934238       795.41608       1833.2562
       1932.5000       289.90281      649.090      -5.2600797      -4.6856936       179.23391       83.309079       76.908949       798.76956       1835.4911
       1933.5000       289.98317      655.581      -3.8246325      -4.5087800       182.60697       84.474870       79.513652       801.59456       1836.4776
       1934.5000       289.80625      662.137      -6.0707916      -4.6032308       184.54939       85.838602       78.641833       804.86176       1838.6765
       1935.5000       289.99057      668.758      -5.3884540      -4.6517373       184.10459       85.508470       79.007731       808.21900       1841.0261
       1936.5000       290.27091      675.445      -2.2802544      -4.6061641       184.02654       83.962226       80.581917       811.16239       1841.8184
       1937.5000       290.33071      682.200      -1.9453478      -4.4672621       185.73560       85.063060       82.003911       813.72168       1840.7412
       1938.5000       290.21018      689.022      -3.7223819      -4.7478323       184.65873       84.837034       79.997339       816.53711       1841.8270
       1939.5000       290.28437      695.912      -3.7170421      -4.6820787       186.71303       85.357920       80.553855       819.19804       1842.7867
       1940.5000       290.53569      702.871      -2.6444523      -4.7839101       186.58586       85.193834       81.469208       821.88756       1843.1101
       1941.5000       290.57217      709.900     -0.22860754      -4.5815791       188.39247       85.476424       84.115339       824.45379       1841.2671
       1942.5000       290.44595      716.999      -5.3871963      -4.5646200       193.22564       88.620774       82.056414       827.76931       1841.3719
       1943.5000       290.48731      724.169      -3.9669138      -4.6362785       187.88745       85.996305       80.889552       830.53381       1843.4505
       1944.5000       290.68272      731.411      -2.6744986      -4.7755462       188.63846       85.713947       81.898760       833.16250       1844.6363
       1945.5000       290.85449      738.725    -0.012578797      -4.6163871       190.12722       85.364331       84.214012       835.00664       1842.8596
       1946.5000       290.59163      746.112      -4.1638855      -4.5254794       195.23444       89.266819       83.892574       837.78251       1842.5418
       1947.5000       290.52773      753.573      -6.1490593      -4.7708815       194.86411       89.174332       81.864585       840.94930       1845.0729
       1948.5000       290.74155      761.109      -2.8799624      -4.6584019       191.02153       86.444764       82.390109       843.26486       1846.9734
       1949.5000       290.78675      768.720      -3.0824757      -4.7746134       189.83299       86.206703       81.992849       845.41219       1848.3371
       1950.5000       291.05480      776.407      0.59763076      -4.6262650       190.52342       85.606396       85.026952       847.02674       1847.0874
       1951.5000       290.97052      784.171      -3.3166875      -4.7531861       196.57424       89.507882       85.026143       849.54479       1846.2592
       1952.5000       291.05063      792.013      -4.0799820      -4.6905837       197.47236       89.661148       84.418431       852.91463       1847.0105
       1953.5000       291.17111      799.933     -0.75097119      -4.7354241       199.48522       89.229415       87.291226       855.33923       1845.9509
       1954.5000       291.04029      807.932      -3.8093380      -4.6100231       200.83330       90.865061       85.878264       858.32303       1846.2156
       1955.5000       291.07387      816.012      -6.0592360      -4.6757178       204.19586       93.121631       85.874515       861.63545       1847.5176
       1956.5000       291.27487      824.172      -2.0341884      -4.7709090       194.04695       87.142097       83.962539       864.19852       1849.7779
       1957.5000       291.53507      832.414      0.69965525      -4.8518251       197.27937       87.410118       86.968290       865.77091       1848.6190
       1958.5000       291.50328      840.738      0.45222157      -4.7007446       198.36756       88.511645       87.854618       867.16196       1845.9358
       1959.5000       291.48955      849.145      -3.9986103      -4.6662359       206.35849       92.839822       87.687847       870.16149       1845.6726
       1960.5000       291.73040      857.637      0.85579857      -4.8604732       201.04606       88.783447       88.483382       872.42070       1844.2111
       1961.5000       291.61718      866.213      -2.0272606      -4.6034314       203.80922       90.329704       87.147421       874.27314       1842.5176
       1962.5000       291.47554      874.875      -3.9184233      -4.5586006       202.63909       91.081054       86.014954       876.80083       1843.8199
       1963.5000       291.55326      883.624      -2.9869771      -4.5711343       204.44004       92.232457       88.036391       878.92957       1844.8978
       1964.5000       291.73466      892.460      -3.5543662      -4.6014680       207.17677       92.915869       88.134731       881.80928       1845.6058
       1965.5000       291.84110      901.385      -1.3314306      -4.6291213       205.12332       90.844874       88.339603       883.94254       1845.4573
       1966.5000       291.90448      910.398      -1.2031181      -4.4433297       208.34526       91.979166       89.611689       885.86441       1844.7923
       1967.5000       291.91873      919.502      -1.8661104      -4.6827941       208.08521       91.953734       88.935649       888.19780       1844.4162
       1968.5000       291.90363      928.698      -3.8537149      -4.6349369       216.00002       95.943290       90.884575       891.01960       1844.6160
       1969.5000       291.93183      937.985      -3.6483587      -4.5448322       213.00460       95.124364       90.267626       893.95380       1845.4785
       1970.5000       291.92419      947.364      -3.2411666      -4.5315855       213.86642       95.544485       91.090717       896.63021       1845.7974
       1971.5000       291.92777      956.838      -4.6104168      -4.7764197       210.18723       93.675124       87.888361       899.30468       1847.5301
       1972.5000       292.08713      966.406     0.056472624      -4.7709502       203.98906       89.810874       88.681511       900.33361       1848.6241
       1973.5000       292.29103      976.070      0.87911354      -4.7096948       211.01667       92.652451       92.364303       901.38050       1846.7588
       1974.5000       292.27816      985.831      -2.4124618      -4.6870040       216.13112       95.276865       91.672548       903.63899       1845.7789
       1975.5000       292.23848      995.689      -2.1621248      -4.5752519       218.12939       96.369301       92.988258       906.01388       1844.7346
       1976.5000       292.29266      1005.65      -2.9032546      -4.5441206       217.76820       96.261513       92.147480       908.71695       1845.0642
       1977.5000       292.38074      1015.70      -4.0468076      -4.6406464       221.57826       97.757822       92.487777       911.76678       1845.4042
       1978.5000       292.43065      1025.86      -2.5765328      -4.8009749       216.69946       95.363273       91.628324       914.07813       1846.8776
       1979.5000       292.70634      1036.12      0.47829155      -4.7430949       216.58936       93.878321       93.159394       915.87484       1845.8415
       1980.5000       292.76624      1046.48      0.61417634      -4.7730678       215.84192       93.683270       93.130512       917.32016       1843.8229
       1981.5000       292.72685      1056.94     -0.94762473      -4.6187189       222.31535       97.123069       94.951497       919.22254       1841.6197
       1982.5000       292.56068      1067.51      -3.8125304      -4.6173860       222.68609       98.173551       93.103977       921.72884       1841.9980
       1983.5000       292.59332      1078.19      -3.4748967      -4.7843395       218.94971       96.573178       91.857689       923.79644       1844.0887
       1984.5000       292.90419      1088.97     -0.11219483      -4.6203642       220.45885       95.841228       94.492425       925.82966       1843.6796
       1985.5000       293.00084      1099.86      0.75403042      -4.7234031       222.38304       96.306135       95.759214       927.19568       1841.0048
       1986.5000       292.85882      1110.86      -1.7671786      -4.5836455       223.87342       97.883092       94.789511       929.19440       1840.2899
       1987.5000       292.93980      1121.97      -1.6575278      -4.7435185       223.31458       97.817083       94.908203       931.05534       1840.2391
       1988.5000       293.04041      1133.19     -0.35767888      -4.6577337       226.02805       98.194963       96.537098       933.13204       1838.3994
       1989.5000       293.04804      1144.52      -3.8941249      -4.5564479       233.44360       101.57577       96.355770       936.15934       1838.3437
       1990.5000       293.10751      1155.96     -0.66878840      -4.6569079       224.44525       97.419493       95.479409       938.40603       1838.5270
       1991.5000       293.26164      1167.52      -1.2894103      -4.5825364       227.22731       98.458309       95.908075       940.10216       1837.6736
       1992.5000       293.26797      1179.20      -1.7555944      -4.6580157       226.26698       98.113565       95.090752       942.07581       1837.3540
       1993.5000       293.33178      1190.99       2.4474500      -4.7027891       226.31548       96.730456       97.908227       943.16773       1835.3502
       1994.5000       293.27148      1202.90      -1.0671288      -4.7153549       229.18496       99.149284       96.809781       944.74674       1833.3014
       1995.5000       293.28468      1214.93      -2.8912817      -4.6974350       234.40392       101.34299       97.145985       947.10763       1833.4940
       1996.5000       293.41534      1227.08      -3.2017514      -4.6141125       233.20005       100.95265       96.455879       949.77870       1834.0261
       1997.5000       293.56751      1239.35    -0.085503086      -4.7473636       228.35952       98.426573       97.143370       951.55416       1833.6565
       1998.5000       293.71658      1251.74       3.1759310      -4.7317459       228.75993       97.568454       99.448787       952.69358       1830.1402
       1999.5000       293.70328      1264.26      -2.0153926      -4.5233509       234.83958       101.41758       98.113482       954.60988       1827.9601
       2000.5000       293.68450      1276.90     -0.95699225      -4.8126299       238.57925       102.04530       99.817761       957.06937       1826.7666
