   year        tas_(K)            co2_(ppm)    landflx_(PgC/yr)  ocnflx_(PgC/yr)  gpp_(PgC/yr)    npp_(PgC/yr)    rh_(PgC/yr)     cveg_(PgC)      csoil_(PgC)
  1851.0   13.466344699000047   284.2   1.28618764208   -0.170814   119.388744276   60.6282394543   58.4652834341   586.324688526   1781.17863619 
  1852.0   13.568129854000006   284.2   0.152916363268   -0.0712291   116.932780019   59.2280743125   58.2061040192   586.723668205   1781.74674599 
  1853.0   13.421776171000033   284.2   1.33686400955   -0.235949   120.127421182   60.9523593456   58.7492413495   586.908825451   1781.86527043 
  1854.0   13.433059022999998   284.2   0.761600442754   -0.179155   118.075434687   59.6007982981   57.9403108812   587.242371106   1782.6406551 
  1855.0   13.580783472000007   284.2   -0.0121599631827   0.00686974   116.627488017   58.5281840444   57.6820589055   587.340657517   1783.07585321 
  1856.0   13.697114168000041   284.2   -2.19315904262   -0.0473343   115.052949177   57.6039677353   58.9224320013   586.922109244   1781.89603474 
  1857.0   13.500594476000003   284.2   -0.110990580071   0.104629   115.607229362   58.3021773888   57.5501324983   586.817040159   1781.16853217 
  1858.0   13.61246627700001   284.2   -1.1732816522   0.0958575   115.457239792   57.904083556   58.1635833981   586.541807731   1780.82066969 
  1859.0   13.546822565000014   284.2   -0.149031288822   -0.071199   118.349887306   59.6218961401   58.8518093388   586.410888293   1780.14896869 
  1860.0   13.49428711600001   284.2   0.540612834474   -0.0424729   118.661334362   59.7634049127   58.3179134334   586.793032058   1780.25699655 
  1861.0   13.432966308000005   284.2   0.879865902619   -0.0386508   119.908771504   60.7340065511   58.9296299345   586.909534506   1780.56246306 
  1862.0   13.389932351000027   284.2   1.15176024484   -0.0107373   119.28054659   60.3693653827   58.264636479   587.428634417   1781.38754106 
  1863.0   13.399272350000047   284.2   -0.913367826779   0.0348174   117.717908155   58.902216632   58.8976788984   587.348422186   1781.5015288 
  1864.0   13.45352684200003   284.2   -0.333294064784   -0.0300741   116.881845399   58.7703596155   58.2103250897   586.969610571   1780.96656768 
  1865.0   13.339008183000033   284.2   -0.356222013027   -0.00604041   114.545636404   57.7778978949   57.2350327448   586.673154084   1781.26377287 
  1866.0   13.351229508000017   284.2   -0.12462654782   0.172128   114.53134401   57.773083215   57.0200846389   586.326696159   1781.54585846 
  1867.0   13.415587365000022   284.2   -0.0201223589808   0.159075   114.768706475   58.0166495951   57.2266226873   585.852011186   1781.51958131 
  1869.0   13.260210482000048   284.2   0.135037487931   0.046598   117.360869463   59.3874660745   58.4060800273   585.102294841   1781.48119992 
  1870.0   13.326084137999999   284.2   -0.145402112122   0.0111131   116.764589862   58.8368327669   58.0888019389   585.401835473   1781.60294211 
  1871.0   13.342139685000006   284.2   0.0945576419432   0.0200604   115.759203897   58.4808355534   57.4992379946   585.062333131   1781.21026428 
  1872.0   13.37489094   284.2   -1.22928178947   -0.137924   113.436131184   56.9111730705   57.2676637921   584.847055466   1781.56648486 
  1873.0   13.372775109000031   284.2   -0.357273808315   0.0400281   114.43550379   57.8263523706   57.345468533   584.478994737   1781.19485426 
  1874.0   13.294450919000042   284.2   -0.451483540636   -0.201928   115.315892899   57.8954968863   57.5299811334   584.159014583   1780.70488903 
  1875.0   13.174654264000026   284.2   0.760820818684   -0.339884   119.0561286   60.1302465661   58.5243670472   584.353720629   1780.88244089 
  1876.0   13.205098906000046   284.2   2.22394295389   -0.235679   120.563000574   61.0123925725   57.8743808722   585.072735246   1781.83993226 
  1877.0   13.36883324200005   284.2   -0.251518591474   0.0466435   112.954913401   56.9671874808   56.3284744286   584.887449242   1782.70319401 
  1878.0   13.485360613000012   284.2   -2.30750604049   -0.0198524   114.334604151   57.0776361307   58.5056589826   584.31067715   1782.0629077 
  1879.0   13.384267530000045   284.2   1.39062413882   0.0657008   119.364183653   60.4767404942   58.1893556505   584.388041276   1781.45071605 
  1880.0   13.526104807000024   284.2   -1.3802477837   0.133514   116.04210734   58.2008043646   58.7019198342   584.679012986   1781.30178293 
  1881.0   13.45048082300002   284.2   0.110558236891   0.0362758   118.054490813   59.8548543318   58.8573711574   584.690590432   1780.32945811 
  1882.0   13.31407841600003   284.2   1.42350705315   -0.101874   119.500485647   60.5409926987   58.2096945825   585.403834914   1780.73453345 
  1883.0   13.309679549000009   284.2   1.39984447839   -0.16059   118.631860087   59.8604019361   57.5667281432   586.012531272   1781.58678375 
  1884.0   13.303175001   284.2   0.728230565736   -0.0980146873431   119.122413963   59.5755049033   57.9659443392   586.328732103   1782.34118288 
  1885.0   13.350865762000012   284.2   -0.173236221852   -0.351115090177   116.449931115   58.6458764645   57.9471464705   586.298800091   1782.40339496 
  1886.0   13.304405506000023   284.2   0.879999751947   -0.198500810158   117.648026847   59.55661945   57.7508069581   586.558039813   1782.65892695 
  1887.0   13.45286978300004   284.2   -1.34064683352   0.0748273270933   110.15056326   55.3553973508   55.8245949869   585.778253113   1783.28684734 
  1888.0   13.562418300000047   284.2   -2.64358024627   0.145707344276   110.807725431   55.5597262441   57.3419840353   584.579904285   1782.07927328 
  1889.0   13.473850082000013   284.2   -0.796831834486   -0.0447887164774   115.710839604   58.4229333345   58.3375802728   584.111237082   1781.04633962 
  1890.0   13.336336625000001   284.2   0.486875519932   -0.0504181010051   115.404646972   58.4289362768   57.0447862493   584.033740387   1781.10473031 
  1891.0   13.422106598000028   284.2   -2.00533228003   0.0890426250842   112.365471351   56.6282611827   57.7559600635   583.517068619   1780.98338954 
  1892.0   13.482699420000017   284.2   -1.33364706865   -0.103496681222   114.436254823   57.6633299827   58.122085833   582.89783828   1779.42765594 
  1893.0   13.266921894999996   284.2   1.46467214821   -0.187260134349   122.098649413   61.4267496355   59.0405198075   583.360355445   1779.21526179 
  1894.0   13.31487364200001   284.2   2.00490051528   -0.17471770824   121.571244563   61.0592010215   58.1210969047   584.038815301   1780.44593312 
  1895.0   13.406128343000034   284.2   0.149080956157   -0.198644096289   117.709891368   59.0284875295   57.9942151828   584.227577531   1781.21392556 
  1896.0   13.507959373000006   284.2   -0.935249511123   -0.218662755573   116.5610054   58.4916165896   58.5610358092   584.256213467   1780.8651877 
  1897.0   13.640620305000027   284.2   -1.09355895462   -0.0333914693242   112.458674417   56.4725495669   56.6470697268   583.696242814   1780.17678247 
  1898.0   13.572128343000031   284.2   -0.687213329529   -0.00159309315086   114.463420357   57.6834788438   57.4578473549   583.06623932   1779.93404459 
  1899.0   13.485025484000005   284.2   -1.10341816435   -0.109968684598   115.776188983   58.1564049874   58.3552760974   582.750958229   1779.28784316 
  1900.0   13.48016366600001   284.2   -0.0937296707488   -0.142182748536   117.2920957   58.8043385929   58.03684186   582.91359969   1778.86677835 
  1901.0   13.398061989000041   284.2   -0.585453141451   -0.237995326013   115.594140827   58.4126951958   58.1270414319   582.620703732   1778.55325916 
  1902.0   13.47993946500003   284.2   0.63845996014   -0.141870176648   117.223867585   59.4394397195   57.9164861837   582.852635772   1778.42129489 
  1903.0   13.61159567300001   284.2   -2.05202346915   0.0236348748271   111.178974762   55.7492364702   56.9420694556   582.400457813   1778.31196513 
  1904.0   13.616627791000042   284.2   -0.954236753184   -0.0811673345447   114.03307727   57.3768266853   57.4717019144   581.6461042   1777.5407648 
  1905.0   13.556134233000023   284.2   0.643760266275   0.110146974865   116.984429408   59.2292264494   57.7423469912   581.776330762   1777.0940993 
  1906.0   13.580179117   284.2   0.463032910174   0.100920974431   118.067598296   59.218009197   57.9096498202   582.492828141   1777.28922004 
  1907.0   13.602745950000042   284.2   -0.95021840441   -0.0202515300313   115.500923837   58.3069369182   58.3565502659   582.369963961   1776.73381038 
  1908.0   13.606069112   284.2   0.0950179954284   0.0522247497083   116.405809678   58.8491369224   57.8683845298   582.42925848   1776.4649193 
  1909.0   13.67657880400003   284.2   0.586429600241   -0.0960692097094   117.815978152   59.2346673725   57.7834376631   582.766431125   1776.50404113 
  1910.0   13.783155631   284.2   -1.89097181319   -0.0586411332378   112.398329414   56.2967870669   57.3756595342   582.364814735   1776.37983609 
  1911.0   13.671128013000043   284.2   0.468455301909   -0.151091068353   117.938784183   59.5998977466   58.2695001932   582.393036581   1775.41487475 
  1912.0   13.695663937999996   284.2   0.864539329353   -0.143763433798   117.810424313   59.5515468839   57.8212268152   582.683330251   1775.85505236 
  1913.0   13.634891030999995   284.2   0.615324923111   -0.0400980528091   118.218813102   59.3830953341   57.8888459047   583.088827272   1776.30484394 
  1914.0   13.79557410700005   284.2   -1.17221195348   0.00802912178601   117.18828501   58.2580193635   58.5054288182   582.91876607   1776.10419395 
  1915.0   13.74619214300003   284.2   -1.09083753554   -0.0676487049713   115.828347106   58.0520072607   58.2005529188   582.445320998   1775.19387203 
  1916.0   13.55729125800002   284.2   1.2782074632   -0.0243302672133   119.284548674   60.2420185488   58.0166139587   582.495825888   1775.69125051 
  1917.0   13.70198698200005   284.2   -0.848263574287   0.10961823022   115.531778324   58.0631272455   57.999480702   582.219516176   1775.73149724 
  1918.0   13.822354087000008   284.2   -2.79508008967   0.000558621424269   113.46621091   56.6877458809   58.5715267939   581.623719786   1774.63000255 
  1919.0   13.58001480200005   284.2   2.19993511327   0.057733106677   122.520844303   62.1586074332   59.0654301429   582.155021819   1773.99650412 
  1920.0   13.595542807000015   284.2   1.0213835145   -0.087190337243   118.061842379   59.5626975006   57.6396437671   582.813311523   1775.10124637 
  1921.0   13.50172046900002   284.2   0.444193967652   0.0492894991904   116.667561461   59.1139814047   57.7074082313   582.557106687   1775.85613359 
  1922.0   13.573870010000007   284.2   0.187609898764   -0.0172736309735   117.869486518   59.6051673243   58.4276493171   582.540866444   1776.34674486 
  1923.0   13.463628938   284.2   1.08503048025   -0.18611041686   119.108336735   60.381566262   58.3363626015   582.661052379   1776.65606953 
  1924.0   13.500202174000037   284.2   -0.259586774688   0.00513385687732   117.402885895   59.1892026471   58.4922360275   582.873418769   1777.08645486 
  1925.0   13.646797842000012   284.2   -0.595494835206   -0.17109054022   116.909011067   58.8841864205   58.5589416039   582.688290749   1776.79807817 
  1926.0   13.692516385000033   284.2   -0.116791623986   -0.0663324735056   118.555039377   59.8129738951   58.9744770691   582.757763848   1776.30626813 
  1927.0   13.516997046000029   284.2   1.28627456335   -0.126252161067   119.114657224   60.3477819197   58.1564755124   583.286972595   1776.22978663 
  1928.0   13.512873108000008   284.2   0.604119078302   -0.0788120998353   116.521810655   58.8056617988   57.2707443095   583.515526315   1777.1505998 
  1929.0   13.646031875999995   284.2   0.035781177161   0.1556184461   115.400983226   58.2348988133   57.3033497201   583.355568025   1777.93462238 
  1930.0   13.673331307000012   284.2   -1.70136171708   0.171271308683   114.242675144   57.2015055265   57.9984960806   582.800305707   1777.19604609 
  1931.0   13.516313267000044   284.2   0.827944997992   0.00836292747937   120.04477066   60.3875666291   58.5999805703   582.798776051   1776.7759362 
  1932.0   13.508105165000018   284.2   1.29994823157   0.0131095896818   120.080079797   60.5766455084   58.3713533633   583.087446284   1777.84464745 
  1933.0   13.469440996000003   284.2   1.05023813033   -0.0606281288053   120.454706459   60.5174995857   58.5573643978   583.430915016   1778.45963658 
  1934.0   13.728082940000036   284.2   -0.98815864807   0.0943283280363   116.394137986   58.4337311372   58.5269581566   583.485813083   1778.60161324 
  1935.0   13.697674075999998   284.2   -1.52541430621   0.0930923857568   114.497518948   57.4658842545   58.1095415566   583.101850264   1777.36031 
  1936.0   13.680906296000046   284.2   -1.70970190223   0.239426992591   113.025456068   56.91427072   57.7357583546   582.417368156   1776.51605617 
  1937.0   13.682366295000008   284.2   -0.906454439702   0.0617512622753   116.913016632   58.8966003473   58.9305839072   582.180772539   1775.27658376 
  1938.0   13.508373401000028   284.2   1.02792203543   0.191778416664   118.561292711   59.8537649888   57.9387535071   582.357532722   1775.27086 
  1939.0   13.646437698   284.2   -0.620724507641   0.0481973334335   119.16642346   59.8135552222   59.5342674405   582.497108977   1775.32895002 
  1940.0   13.46730691700003   284.2   0.218874486373   0.0470531749272   115.451837871   58.3570345442   57.2290184617   582.510071449   1775.35928218 
  1941.0   13.331172454000011   284.2   -0.0326149644317   0.0988609578251   115.694398349   58.6858095712   57.8057939177   582.037853949   1775.67687264 
  1942.0   13.358344249000027   284.2   0.537116720231   0.0207276979529   117.024016026   59.0341219476   57.5996445463   581.980288727   1776.01658142 
  1943.0   13.384536001000015   284.2   0.672042563976   0.0156501187206   117.639684654   59.6016441445   58.0087456636   581.971236111   1776.53953855 
  1944.0   13.412305521999997   284.2   0.618544406234   -0.085601504536   115.608031465   58.7161776506   57.2139528437   582.181861048   1777.24409147 
  1945.0   13.406877765000047   284.2   -0.0146107811251   -0.114557823851   116.690258321   59.022404604   58.0755835097   581.930788644   1777.60579451 
  1946.0   13.424920807000035   284.2   0.562807072256   -0.266437194498   117.828038243   59.2436488997   57.7651203179   582.178053367   1777.68185984 
  1947.0   13.365993031000016   284.2   1.03434984831   -0.264604374186   119.832937109   60.6012460619   58.6438942652   582.393565429   1778.00521876 
  1948.0   13.418962807000014   284.2   1.21118892654   -0.0393942571227   119.664085097   60.1538997938   58.0075703797   582.891924615   1779.02496722 
  1949.0   13.614924719000044   284.2   -2.1207331426   -0.0912227854608   113.210501368   56.438685844   57.6929817935   582.577679147   1779.07528318 
  1950.0   13.53790992100005   284.2   -2.21205595484   -0.152524467281   114.613627336   57.6124977849   58.9243818511   581.718631101   1776.90889042 
  1951.0   13.561523654000041   284.2   1.38324078784   -0.0755790993026   119.596582726   60.6150593694   58.3620897746   582.264759589   1776.65106106 
  1952.0   13.69090060800005   284.2   -2.49237885719   -0.0120435297421   113.461809218   56.5381950478   58.1923292978   582.095718026   1776.33922083 
  1953.0   13.460481643000037   284.2   0.497986069027   -0.168602115776   120.343141074   60.9117619241   59.4872703746   582.108514982   1774.90927555 
  1954.0   13.438726859000042   284.2   2.1360800851   0.00783972470382   121.280456775   61.1511889053   58.050463984   583.27968587   1775.67873136 
  1955.0   13.732348122000019   284.2   -1.11350770145   0.0975282970668   112.998432034   56.7072990095   56.9255676311   582.988523742   1776.42382044 
  1956.0   13.825976196   284.2   -2.57518335269   -0.0243062628117   113.777380481   56.4215697536   58.0929335932   582.120490815   1775.11877959 
  1957.0   13.669625654000015   284.2   0.600675626338   -0.0521637622531   118.566638221   59.9004827586   58.3646444991   582.141183082   1774.16776672 
  1958.0   13.602964206000024   284.2   0.223819609917   0.0453091594121   118.404945877   59.7925203993   58.6389746423   582.162963882   1774.49090716 
  1959.0   13.764738231000024   284.2   0.0910021049577   0.211829394492   116.326750525   58.5757709927   57.5977859308   582.361549283   1774.62969957 
  1960.0   13.836215768000045   284.2   -2.4200842927   0.0886225833064   113.675229053   56.7126808011   58.2640710866   581.832627748   1773.92081923 
  1961.0   13.534829625000043   284.2   0.787302970186   -0.00386814221588   119.342270834   60.1781586631   58.4372742873   581.600866595   1773.17762311 
  1962.0   13.549021147000019   284.2   1.71020900251   0.0693556318892   119.18505291   60.355422945   57.7299597304   582.190071118   1774.24123833 
  1963.0   13.632169947000023   284.2   -1.04930441235   0.0712457395706   114.147209221   57.6071173387   57.7033621156   581.99153129   1774.35974079 
  1964.0   13.546463062000043   284.2   -1.08832094017   0.0253028024662   113.19506191   57.3427394639   57.4883688646   581.477613831   1773.84269733 
  1965.0   13.573724740000046   284.2   -0.525560411662   0.141173378725   114.709080204   58.2959792031   57.8985538747   580.964898071   1773.46636713 
  1966.0   13.557916410000018   284.2   -0.744591802452   -0.0215264351593   114.323694277   58.0638112936   57.8888843001   580.942640788   1773.04172611 
  1967.0   13.395738566000034   284.2   0.552834258272   0.00296828878385   117.881013198   59.9485268462   58.474545245   581.003557719   1772.93026377 
  1968.0   13.362960406000013   284.2   1.83087368012   -0.103339666007   119.982667216   60.9720592141   58.2238208045   581.593327352   1773.41533165 
  1969.0   13.35951921000003   284.2   0.318225020906   -0.13576145174   117.726215563   59.5597842461   58.3609999248   581.987473388   1774.15232601 
  1970.0   13.379960437000022   284.2   0.147958706851   -0.148897566628   116.430845189   59.1458281628   58.1022505828   582.10444321   1774.10496488 
  1971.0   13.45498367500005   284.2   -0.0166559880485   -0.00518899215701   118.053307091   59.7242697798   58.7907262183   582.617705349   1774.08157213 
  1972.0   13.409884065000028   284.2   0.399507936276   0.0369153085524   116.810246943   59.2028254436   57.825963355   582.7393719   1773.78089456 
  1973.0   13.499212987000021   284.2   -0.201853387863   -0.00312197503934   119.154761424   60.0356660167   59.2737921571   583.048345967   1773.63288101 
  1974.0   13.592102924000017   284.2   -0.611554145184   -0.00912094947674   116.619957424   58.7471077903   58.4579144728   583.297448364   1772.98742001 
  1975.0   13.45824291300005   284.2   0.208723928234   0.0188142816429   114.962529661   58.1630177357   57.1048537696   583.222616716   1772.68370209 
  1976.0   13.382669270000008   284.2   -1.01792423442   -0.213783695598   116.7887018   58.8703224617   59.0318963675   582.897335698   1772.26288636 
  1977.0   13.252610876999995   284.2   2.50086127149   -0.0745545056438   119.963001764   60.6693348839   57.2526441957   583.391903214   1773.07855411 
  1978.0   13.430574750000005   284.2   -0.0539096183899   0.0224135223503   115.601851011   58.0036482743   57.140339846   583.578587382   1774.32688325 
  1979.0   13.477878056999998   284.2   -1.4213467203   -0.0937855048073   113.650984984   57.054813206   57.5036212522   582.793830921   1773.9981575 
  1980.0   13.344520957000043   284.2   1.45340601167   -0.316640955338   122.098414641   61.523435522   59.1033935072   583.003602045   1773.665335 
  1981.0   13.381896175999998   284.2   1.50429656155   -0.0931722081923   118.178762824   59.3882867474   56.943903287   583.662884698   1775.13251443 
  1982.0   13.530424416000017   284.2   -1.5773464217   -0.198314550886   113.893424767   57.2127044326   57.8386312903   583.222983405   1775.166004 
  1983.0   13.572743223000032   284.2   -0.963040633561   -0.0264647907181   116.74030251   58.7370389762   58.8055591756   582.804425085   1774.02473047 
  1984.0   13.603390857000022   284.2   -2.24991278304   0.0945877201231   114.857228623   57.4962061707   58.8220420555   582.359857879   1773.01346058 
  1985.0   13.422348422000027   284.2   0.0456917243439   0.0589217051509   115.248080252   58.4296234714   57.4350482851   582.075497555   1772.44686178 
  1986.0   13.390567902000043   284.2   1.76657523698   0.133281638949   118.929058904   60.5150207844   57.8076153294   582.32536357   1772.91017771 
  1987.0   13.461193498   284.2   -0.0138092539584   -0.0207426610359   114.864494396   57.9299193001   57.0615361567   582.672773899   1773.71295949 
  1988.0   13.424234443000046   284.2   0.835471469903   -0.151034702571   116.550804297   58.6543171085   56.9749357106   582.515707446   1773.97383816 
  1989.0   13.455233472000032   284.2   0.706390199606   0.167631108484   119.847641006   60.2031692473   58.5546775156   582.695377564   1774.41173717 
  1990.0   13.464195836000044   284.2   -0.916036541072   0.0505731872368   117.69698401   58.7015838716   58.7442537997   582.833826163   1774.4492443 
  1991.0   13.433005680999997   284.2   0.235644917113   -0.0496527633918   118.127223711   59.602761324   58.4496716168   582.85061787   1774.00660975 
  1992.0   13.334691918000033   284.2   0.603224039314   0.0679824154987   117.861703332   59.6118087871   58.0912922604   583.230736375   1774.03153223 
  1993.0   13.429606847000002   284.2   -0.424223534208   -0.0282416995813   114.991985946   58.0588791924   57.5850916669   583.250564917   1774.21733566 
  1994.0   13.461569034000036   284.2   -1.49236143705   0.119083329985   113.548927168   57.2895859746   57.8709863123   582.801689553   1773.81106726 
  1995.0   13.545105121999995   284.2   -0.623301570754   0.0554230881932   114.639969033   57.9576980625   57.6849620665   582.282047429   1773.03821558 
  1996.0   13.570114722000028   284.2   0.45203183896   -0.0563275465196   117.101324627   59.554593187   58.1825731305   582.579962939   1772.82774982 
  1997.0   13.470902233000004   284.2   0.17514431115   0.186396324906   118.842536098   59.7378128184   58.6591908682   582.920761985   1772.78057427 
  1998.0   13.583843966000018   284.2   -1.328106355   0.297969528829   115.390211274   57.8881816453   58.3229009576   582.799996745   1772.23292608 
  1999.0   13.424159724000049   284.2   0.415674155133   0.165368723242   118.65977979   60.0278956162   58.7139870438   582.99204764   1771.53561642 
  2000.0   13.232536039000024   284.2   1.58594562203   0.14084133278   119.190147078   60.3060454547   57.8293089445   583.495611983   1771.96759246 
  2001.0   13.320410813000024   284.2   0.768447370788   0.203775940973   115.389409983   58.0266783668   56.3742121708   583.710716794   1773.3598754 
