Year ST CO2 LA_CO2_FLUX OA_CO2_FLUX GPP NPP HETRES CLIVE CDEAD
       1850.5000       286.93840      287.046      0.90879123     -0.11454415       119.34563       59.709439       59.672922       582.43799       1775.0662
       1851.5000       286.82032      289.917     -0.15199323     -0.17120919       119.90669       60.399157       59.352787       582.82620       1774.5787
       1852.5000       286.87909      292.816       1.5767664      0.13194462       119.00047       59.204918       59.851788       582.92317       1773.7672
       1853.5000       286.63020      295.744      -1.4735178      0.14876391       122.90387       62.100417       59.658316       583.26785       1773.0701
       1854.5000       286.74623      298.702     -0.54555000    -0.081301959       118.99666       59.880148       58.385089       583.83613       1773.6320
       1855.5000       286.84968      301.689      0.93950244     0.024421704       116.35094       58.369234       58.345889       583.66818       1773.4867
       1856.5000       286.88867      304.706     -0.83492995     0.025766468       117.69974       59.399142       57.653042       583.80887       1773.7466
       1857.5000       286.79898      307.753     -0.87385370      0.10796019       121.96024       61.316795       59.473771       584.18713       1773.9956
       1858.5000       286.67731      310.830     -0.17056123      0.27149916       120.04302       60.222333       59.089272       584.56177       1774.1263
       1859.5000       286.62278      313.939      -1.0587872      0.41519999       121.64734       61.151504       59.140968       584.99059       1774.5285
       1860.5000       286.70873      317.078      -1.3882070      0.39460361       122.92527       61.486829       59.095433       585.62592       1775.3341
       1861.5000       286.89182      320.249      0.36351997      0.21429607       117.35257       58.677778       58.105571       585.71036       1775.4428
       1862.5000       287.11320      323.451       2.1603807     0.044164870       116.28594       58.017861       59.259076       585.34825       1774.4925
       1863.5000       287.10050      326.686       1.6322598     0.061947213       119.84832       59.605924       60.308670       585.40445       1772.4041
       1864.5000       287.03300      329.952       1.7137277      0.14498791       114.91632       57.227842       57.999311       585.01879       1771.3062
       1865.5000       287.17885      333.252       1.1328827    -0.012386988       117.68560       58.874916       59.075838       584.44096       1770.1868
       1866.5000       287.17066      336.585      0.72957369      0.24967946       119.73481       59.870740       59.673816       584.54951       1769.2179
       1867.5000       287.06126      339.950     -0.98741484     0.088348981       119.28687       59.806758       57.942049       584.93373       1769.4495
       1868.5000       287.09937      343.350      0.94588613      0.30317447       117.45927       58.375236       58.389875       584.50962       1769.3707
       1869.5000       287.10115      346.783      0.45882747      0.19610476       118.71337       59.250276       58.751118       584.05395       1769.3554
       1870.5000       287.20448      350.251      0.52594497     0.075878121       118.05713       59.037458       58.592789       583.91410       1768.9514
       1871.5000       287.19349      353.754      0.15602281   -0.0039792423       117.13691       58.647828       57.897557       583.57247       1768.9491
       1872.5000       287.44005      357.291       2.1021613    -0.075500293       117.32886       58.099751       59.280043       583.29468       1768.3842
       1873.5000       287.36921      360.864       1.5031813     0.073776569       119.30746       59.269591       59.871381       582.99549       1766.4783
       1874.5000       287.27288      364.473     0.050077600     0.015991481       122.26031       60.678819       59.787301       583.15671       1765.7851
       1875.5000       287.35902      368.118      0.81310940      0.11678585       117.03016       58.285220       58.164115       582.95405       1765.5930
       1876.5000       287.33036      371.799       1.8079799      0.11512689       116.39163       57.959545       58.857359       582.02622       1764.8574
       1877.5000       287.45794      375.517       1.2946131    -0.015005634       116.28566       57.824840       58.188089       581.85374       1763.9625
       1878.5000       287.49447      379.272       1.0562245   -0.0086326576       120.94605       60.029022       60.124088       581.68618       1762.8034
       1879.5000       287.53735      383.065       1.1567306      0.20316909       119.46268       59.056279       59.226308       581.60424       1761.7624
       1880.5000       287.55439      386.895      0.63112961     0.085658567       119.32510       59.438708       59.091604       581.10779       1761.4832
       1881.5000       287.61388      390.764       1.7134211      0.13757897       118.14914       58.654258       59.414904       580.68331       1760.2339
       1882.5000       287.78498      394.672       2.9824290      0.19086777       113.72674       56.161430       58.208021       579.90738       1759.0023
       1883.5000       287.76082      398.619       1.5873071      0.16032576       115.98895       57.354019       58.014993       579.12935       1757.6554
       1884.5000       287.86985      402.605       2.5520525      0.13478126       115.35590       56.909105       58.539178       578.23779       1756.0878
       1885.5000       287.79777      406.631       1.8061914      0.19519478       118.93103       58.727881       59.565117       577.56871       1754.6757
       1886.5000       287.75478      410.697      0.62693896      0.17982765       120.34323       59.971336       59.664935       577.55108       1753.6145
       1887.5000       287.81475      414.804      0.69600160    -0.011385388       119.96354       59.554680       59.332775       577.65711       1753.1189
       1888.5000       287.85921      418.952       2.2738979      0.28778861       117.15951       57.667961       59.000732       576.85831       1752.3189
       1889.5000       287.79880      423.142      0.10179575      0.52807106       125.29514       61.887778       60.976802       576.76805       1751.0609
       1890.5000       287.84322      427.373     -0.81922293      0.38960375       125.83878       61.837905       60.030125       577.21652       1751.2677
       1891.5000       287.98407      431.647      0.91157571      0.24283402       119.36663       58.756166       58.718245       576.91262       1751.5204
       1892.5000       288.18227      435.963       3.4815638      0.29953970       116.38324       56.928110       59.435818       575.87317       1749.8589
       1893.5000       288.13295      440.323       1.8374339      0.16756787       119.55328       58.692802       59.552304       575.00640       1748.1559
       1894.5000       288.31843      444.726       2.4155890      0.26264330       120.87734       59.024579       60.438624       574.32872       1746.5491
       1895.5000       288.22712      449.173      0.78583308      0.18628131       122.98185       60.322024       60.120508       574.07090       1745.3230
       1896.5000       288.23754      453.665       1.7172849      0.16605389       117.93697       57.928578       58.713003       573.63814       1744.9177
       1897.5000       288.29638      458.202       2.0278526     0.091074523       117.96205       57.716704       58.868202       572.77087       1743.7074
       1898.5000       288.24043      462.784       1.6127787      0.23616678       120.40621       58.797113       59.501480       572.05866       1742.7974
       1899.5000       288.25583      467.412      0.84560645      0.12742205       119.89727       59.265204       59.107248       571.42241       1741.9238
       1900.5000       288.45562      472.086       2.0593582    -0.043983775       119.99352       58.840377       59.887237       570.89245       1741.1610
       1901.5000       288.56038      476.807       3.6832835     0.096734243       119.51892       57.669850       60.364687       570.14210       1739.2793
       1902.5000       288.29385      481.575      0.80569680      0.18632167       122.35642       60.372260       60.171034       569.46539       1737.3917
       1903.5000       288.14552      486.390      -1.0542344      0.30568124       126.10392       61.987629       59.913785       569.66288       1737.4572
       1904.5000       288.27517      491.254     -0.14082798      0.36537445       124.10507       61.092444       59.994154       569.89934       1737.8342
       1905.5000       288.42116      496.167       2.2296273      0.32548467       116.26085       57.032714       58.356395       569.30920       1737.3588
       1906.5000       288.52122      501.129       2.1570318      0.28237845       118.40367       58.023794       59.207643       568.32434       1736.2143
       1907.5000       288.50999      506.140       2.5056717      0.39331713       117.61820       57.859390       59.445554       567.24055       1734.9238
       1908.5000       288.45529      511.201      0.25791861      0.29897602       121.90012       60.214921       59.528960       566.97856       1733.9881
       1909.5000       288.73243      516.313       2.5256240      0.29484194       117.27261       57.473574       59.057554       566.36894       1733.1067
       1910.5000       288.81422      521.476       2.0593692      0.10667455       116.47982       57.178025       58.239015       565.49211       1731.6940
       1911.5000       288.81510      526.691       3.2282960      0.28482819       118.47611       57.797712       60.029355       564.26116       1730.0347
       1912.5000       288.72581      531.958       2.6215882      0.25935667       117.35694       57.544077       59.186580       563.28674       1728.3789
       1913.5000       288.84809      537.278       2.9883054      0.25094942       117.77556       57.505387       59.540748       562.23035       1726.4110
       1914.5000       288.75538      542.650       1.3189064      0.11328939       118.88466       58.546659       58.925418       561.50950       1725.4259
       1915.5000       288.97180      548.077       1.8046848      0.18195442       120.71553       59.058188       59.935144       560.94317       1724.1356
       1916.5000       288.95356      553.558       1.9235212      0.26934905       122.37024       59.602599       60.564386       560.69026       1722.3443
       1917.5000       288.82921      559.093      0.47115413      0.55800580       122.01744       59.903425       59.402630       560.15176       1721.7090
       1918.5000       288.78537      564.684      0.44809531      0.47354401       123.13885       60.505867       59.925469       559.77704       1721.6460
       1919.5000       288.93922      570.331       1.4329355      0.41101733       118.84016       58.197229       58.683306       559.19998       1721.3769
       1920.5000       289.19000      576.034       3.3171419      0.26313753       115.44996       56.064286       58.424649       557.99335       1720.3531
       1921.5000       289.33221      581.795       5.5050847      0.10377239       114.65470       55.335842       59.863038       556.01170       1717.4116
       1922.5000       289.21807      587.613       1.9694182      0.15901325       122.18337       59.585772       60.538448       555.17748       1714.9229
       1923.5000       289.18811      593.489       2.0411709      0.33270817       123.18085       59.951832       61.000609       554.58389       1713.2146
       1924.5000       289.17695      599.424      0.92226899      0.30144316       120.77132       59.261707       59.225265       554.30509       1712.7078
       1925.5000       289.29062      605.418       2.5835909      0.41337514       118.87150       57.912458       59.493267       553.40116       1711.3837
       1926.5000       289.21614      611.472       1.8818453      0.44907168       120.74628       58.798548       59.682675       552.43709       1710.2225
       1927.5000       289.28305      617.587       1.4390877      0.34948401       118.77308       58.108284       58.603752       551.41628       1709.6772
       1928.5000       289.43692      623.763       2.6648632      0.39980296       120.67515       58.668812       60.399331       550.53812       1708.2986
       1929.5000       289.45000      630.000       1.4399237      0.31608920       123.33555       60.053473       60.512920       550.23190       1706.6158
       1930.5000       289.48734      636.300       3.3650621      0.20485548       118.93567       57.522398       59.842150       549.30077       1705.2049
       1931.5000       289.61175      642.663       3.6889905      0.34236269       119.78549       57.861257       60.541364       548.10550       1702.7144
       1932.5000       289.56426      649.090       1.2235440      0.31268340       120.47261       59.070637       59.319750       547.29366       1701.2929
       1933.5000       289.57654      655.581       2.2421008      0.35713572       121.56613       58.956118       60.198814       546.45752       1700.1626
       1934.5000       289.65595      662.137       2.9214115      0.33107353       115.88433       56.210216       58.184244       545.29216       1699.2422
       1935.5000       289.81332      668.758       3.1090997      0.30092428       118.26868       57.461660       59.572653       543.92277       1697.1838
       1936.5000       289.83896      675.445       2.3624222      0.32950133       118.45383       57.752006       59.124429       543.04077       1695.8066
       1937.5000       289.90373      682.200       3.4760549      0.36071910       119.84152       58.050205       60.554319       541.75659       1693.7007
       1938.5000       289.83443      689.022       2.5608608      0.38849632       119.80624       58.349821       59.908040       540.91815       1691.6036
       1939.5000       289.78560      695.912       2.1560332      0.29641370       119.09641       58.156000       59.315368       539.93404       1690.2954
       1940.5000       289.98874      702.871       2.8472238      0.28003652       120.03940       57.892867       59.729657       539.03449       1688.7831
       1941.5000       290.02783      709.900       3.5777705      0.27111129       116.77426       56.221991       58.795101       537.44951       1686.8927
       1942.5000       290.18262      716.999       2.5885179      0.13804983       117.82604       56.887851       58.509050       536.07874       1685.5366
       1943.5000       290.25856      724.169       4.9746990      0.33539145       115.29065       55.192666       59.245474       534.03943       1683.3343
       1944.5000       290.04477      731.411       1.7414803      0.37769044       120.26447       58.488835       59.280826       532.77908       1681.5600
       1945.5000       290.07759      738.725       1.9445848      0.46562080       118.62706       57.744177       58.720241       531.90256       1680.9326
       1946.5000       290.30355      746.112       3.5964504      0.46768905       118.04915       56.934882       59.535729       530.58720       1679.0896
       1947.5000       290.31116      753.573       2.4626473      0.29862880       119.39646       57.966036       59.446608       529.49261       1677.4151
       1948.5000       290.32273      761.109       2.3265479      0.47489383       121.28167       58.874587       60.237928       528.55326       1675.6776
       1949.5000       290.39459      768.720       2.3813601      0.44121058       121.36696       58.551335       59.979841       527.95729       1674.1309
       1950.5000       290.46386      776.407       4.0443313      0.44959971       116.89310       56.433049       59.487959       526.44781       1672.2004
       1951.5000       290.54098      784.171       3.6851247      0.45007316       117.88403       56.792848       59.492746       524.93343       1670.0185
       1952.5000       290.67319      792.013       3.3017388      0.43992861       119.17843       57.177363       59.456917       523.54086       1667.7198
       1953.5000       290.77851      799.933       4.8629963      0.46732740       116.47583       55.410426       59.325954       521.88713       1665.2842
       1954.5000       290.72273      807.932       4.3234639      0.48176750       120.59844       57.633683       60.924998       520.03728       1662.0731
       1955.5000       290.64182      816.012       1.9873025      0.39650815       118.71200       57.697071       58.671628       519.04279       1660.6163
       1956.5000       290.79388      824.172       3.0492063      0.51698827       121.31768       58.653496       60.624800       517.84235       1659.0598
       1957.5000       290.85277      832.414       2.8887994      0.48810734       119.95573       57.871686       59.813543       517.17077       1657.1555
       1958.5000       290.93173      840.738       4.2580938      0.53122863       120.94288       58.139722       61.388159       515.86201       1654.5125
       1959.5000       290.79612      849.145       2.6701552      0.53390184       117.69446       56.912422       58.601001       514.64100       1652.8405
       1960.5000       290.85912      857.637       2.6228856      0.43274727       119.50656       57.718587       59.335843       513.30217       1651.2233
       1961.5000       291.00129      866.213       2.8083446      0.31460261       118.43254       57.413341       59.247947       512.15564       1649.5415
       1962.5000       291.24009      874.875       4.3986357      0.44205189       120.06950       57.418678       60.776441       511.10520       1647.3347
       1963.5000       291.09483      883.624       2.6409897      0.51866841       118.20323       57.224876       58.858346       509.64171       1645.1009
       1964.5000       291.14842      892.460       4.8125951      0.50841225       113.87339       54.535910       58.382654       507.74463       1643.0679
       1965.5000       291.17774      901.385       2.6575901      0.38993121       120.23980       58.038773       59.655165       506.43119       1640.8104
       1966.5000       291.28149      910.398       2.8261711      0.39006297       118.91983       57.250314       59.091803       505.60418       1639.2568
       1967.5000       291.37136      919.502       4.4064362      0.58185474       114.09195       54.670458       58.096292       503.83019       1637.2503
       1968.5000       291.41213      928.698       4.3742213      0.52606431       115.43134       55.535255       58.988015       501.90358       1634.6597
       1969.5000       291.58051      937.985       4.2247675      0.41163347       117.40544       56.162879       59.392045       500.30316       1631.8918
       1970.5000       291.58518      947.364       4.3302421      0.45809329       117.69874       56.458940       59.815733       498.38504       1629.2086
       1971.5000       291.45667      956.838       3.2089484      0.45848966       116.85000       56.479106       58.714033       497.14846       1626.9178
       1972.5000       291.59260      966.406       3.5770092      0.56755835       117.17235       56.296946       58.934482       495.76719       1624.7456
       1973.5000       291.65841      976.070       3.7877215      0.58492476       116.18131       55.603530       58.427988       494.46787       1622.8074
       1974.5000       291.87844      985.831       4.9356697      0.52933698       114.34796       54.512041       58.527404       492.42988       1620.5070
       1975.5000       292.03773      995.689       5.1664420      0.41575640       118.59276       56.544978       60.692446       490.61751       1617.0871
       1976.5000       291.86855      1005.65       2.9413079      0.50851149       117.18412       56.290390       58.201619       489.12591       1614.7081
       1977.5000       292.01906      1015.70       4.6332850      0.47417671       117.21571       56.034067       59.708029       487.18048       1612.2802
       1978.5000       291.78455      1025.86       3.1235261      0.65049362       116.46580       56.439742       58.560745       485.69143       1610.2934
       1979.5000       291.85703      1036.12       2.1261486      0.63089765       120.36894       58.071562       59.150699       484.69270       1608.9814
       1980.5000       292.28635      1046.48       5.6328964      0.53548823       114.71521       54.407966       59.050419       482.96677       1606.4686
       1981.5000       292.23390      1056.94       4.3853032      0.46440454       117.68391       56.018655       59.458976       481.13194       1603.3286
       1982.5000       292.27030      1067.51       3.5787046      0.62537472       115.88471       55.539377       58.159084       479.59891       1601.0576
       1983.5000       292.43670      1078.19       6.2289154      0.51907101       115.45687       54.753786       59.970425       477.68515       1598.1519
       1984.5000       292.57188      1088.97       5.2824508      0.41885260       122.86227       58.007564       62.210876       475.76072       1593.6929
       1985.5000       292.30717      1099.86       1.6638593      0.64024017       124.41694       59.674391       60.270511       474.86241       1591.8361
       1986.5000       292.25214      1110.86       1.5186162      0.53639512       120.53195       57.753575       58.222708       473.90507       1591.2533
       1987.5000       292.53594      1121.97       6.1360053      0.60679688       112.10026       53.158311       58.339287       471.75394       1589.3736
       1988.5000       292.59819      1133.19       5.8964124      0.60499371       113.93006       54.147657       59.049013       469.29157       1585.8171
       1989.5000       292.68192      1144.52       5.2240217      0.49906969       115.45992       54.905489       59.103634       467.08916       1582.2418
       1990.5000       292.67734      1155.96       4.3337127      0.54330074       118.14423       56.483941       59.686731       465.29665       1579.4625
       1991.5000       292.81506      1167.52       4.6153896      0.52941135       115.88484       55.235442       58.777510       463.64825       1577.1501
       1992.5000       292.91361      1179.20       5.2710797      0.48838318       114.77516       54.708969       58.944428       461.40527       1573.9670
       1993.5000       292.94972      1190.99       5.4528462      0.61360070       113.36265       54.151719       58.604469       459.39917       1570.6446
       1994.5000       292.95638      1202.90       4.2843068      0.61757470       115.23440       55.409802       58.719185       457.67780       1567.7508
       1995.5000       293.06609      1214.93       3.5693098      0.63687093       119.03586       56.956859       59.532976       456.09940       1565.0869
       1996.5000       293.14043      1227.08       4.4354859      0.54664103       114.12141       54.556777       58.024631       454.48573       1563.1739
       1997.5000       293.29135      1239.35       5.5007762      0.50400667       116.99288       55.646743       60.103495       452.24572       1559.6756
       1998.5000       293.12012      1251.74       3.1416862      0.51886474       116.95465       56.416295       58.491373       450.90612       1557.3757
       1999.5000       293.38398      1264.26       6.8007449      0.70244972       111.30399       52.832851       58.603166       448.63495       1554.5626
       2000.5000       293.28177      1276.90       4.5059785      0.76004804       117.36724       56.269987       59.696576       446.47872       1550.7075
