  YEAR          ST         CO2 LA_CO2_FLUX OA_CO2_FLUX         GPP         NPP      HETRES       CLIVE       CDEAD
  1850       14.54      284.67     -0.3500     -0.2900     95.0900     37.4900     35.7600    533.7300   2716.1000
  1851       14.59      287.17      0.8000     -0.4900     92.7500     36.1800     35.4600    533.1600   2716.4000
  1852       14.49      290.04     -0.3700     -0.6000     94.7100     37.4900     35.7000    532.9300   2716.3800
  1853       14.32      292.94     -0.6700     -1.0300     95.8100     38.0700     35.9900    533.5300   2716.3500
  1854       14.30      295.87     -1.2700     -1.2600     97.8300     38.9800     36.3600    534.9600   2715.9700
  1855       14.36      298.83     -1.2300     -1.5100     97.5000     38.6100     35.9200    536.2300   2716.0100
  1856       14.57      301.82     -0.4800     -1.5800     95.7400     37.4800     35.5400    536.5000   2716.6500
  1857       14.53      304.83     -1.1600     -1.7500     96.9700     38.2400     35.7100    536.9300   2716.9500
  1858       14.38      307.88     -1.2500     -1.9000     97.5800     38.7200     35.9100    538.0200   2717.1900
  1859       14.34      310.96     -1.9700     -2.1200     98.7900     39.1500     35.8900    539.3000   2717.4000
  1860       14.49      314.07     -1.4100     -2.1100     99.4200     38.9700     36.2300    540.7200   2717.8800
  1861       14.54      317.21     -1.7300     -2.0800    101.1600     39.8500     36.5900    542.2900   2718.0000
  1862       14.56      320.38     -2.2100     -2.3100    101.3400     40.2500     36.6700    544.1000   2718.1700
  1863       14.54      323.59     -1.7400     -2.3800    101.4300     39.5100     36.3500    545.6300   2718.6300
  1864       14.56      326.82     -2.3000     -2.5700    102.8900     40.7200     37.1500    547.1400   2719.0400
  1865       14.58      330.09     -2.4000     -2.6700    103.7300     40.9600     37.2200    549.7500   2719.0500
  1866       14.46      333.39     -2.6000     -2.8400    103.4100     40.6600     36.4800    551.2500   2719.9300
  1867       14.43      336.73     -2.6800     -2.9500    104.1400     40.9300     36.8000    553.3800   2720.6200
  1868       14.50      340.09     -2.7000     -2.9900    104.6900     41.0700     36.8700    555.3300   2721.3700
  1869       14.47      343.49     -2.3200     -3.0200    104.0000     40.8000     36.8800    557.0900   2722.1800
  1870       14.48      346.93     -2.9500     -3.2000    105.1900     41.3200     37.0300    559.4200   2722.5200
  1871       14.42      350.40     -3.2100     -3.1700    107.5600     41.8900     37.3000    561.8500   2723.2600
  1872       14.34      353.90     -3.1700     -3.4000    107.9200     42.4300     37.6500    564.3500   2724.0300
  1873       14.31      357.44     -3.8600     -3.4000    109.3100     43.0600     37.8800    567.5100   2724.4800
  1874       14.38      361.02     -3.6100     -3.3900    109.6100     42.5300     37.6200    570.2100   2725.6200
  1875       14.76      364.63     -2.4900     -3.4300    108.7300     42.0100     37.9400    572.2000   2726.7800
  1876       14.56      368.27     -3.9000     -3.5400    111.1000     43.7100     38.4600    574.7800   2727.2800
  1877       14.42      371.96     -3.9000     -3.7000    111.5700     43.4500     38.1500    577.9600   2728.2300
  1878       14.50      375.68     -3.7600     -3.6800    110.5900     43.3200     38.0200    580.5800   2729.3400
  1879       14.54      379.43     -3.7900     -3.6300    112.0300     43.8200     38.7600    583.6900   2730.2100
  1880       14.49      383.23     -4.0200     -3.8500    113.0800     44.0200     38.3200    586.5200   2731.3500
  1881       14.55      387.06     -3.4700     -3.9100    112.5900     43.7900     38.8300    589.4500   2732.3600
  1882       14.58      390.93     -4.0300     -3.9800    113.9000     44.6200     39.0200    592.4500   2733.0800
  1883       14.35      394.84     -4.3100     -4.0600    114.9500     45.3000     39.4600    595.6400   2734.0700
  1884       14.27      398.79     -4.7800     -4.1800    116.3300     45.8400     39.6000    599.3900   2735.0000
  1885       14.47      402.77     -3.7900     -4.2500    116.5200     44.7600     39.5200    602.6300   2736.4700
  1886       14.41      406.80     -4.4400     -4.1200    116.9900     45.6200     39.5800    605.3000   2737.6200
  1887       14.20      410.87     -4.4800     -4.3200    115.4700     45.1000     38.7500    608.0900   2739.3900
  1888       14.29      414.98     -4.2300     -4.2600    117.0400     45.6100     39.8800    611.5000   2740.6400
  1889       14.50      419.13     -4.4000     -4.2200    117.2400     45.7400     39.7200    614.5500   2741.8200
  1890       14.70      423.32     -3.7100     -4.3400    116.6100     44.9500     39.5700    617.5300   2743.3300
  1891       14.68      427.55     -4.2500     -4.3900    117.2600     45.5200     39.8700    619.8400   2744.6100
  1892       14.14      431.83     -5.6400     -4.5800    119.6300     47.4200     40.2000    623.9200   2745.5200
  1893       14.09      436.15     -5.4900     -4.6500    121.4000     47.6600     40.6900    628.5100   2746.7800
  1894       14.20      440.51     -4.5900     -4.5200    119.6700     46.4000     40.2000    632.1100   2748.4000
  1895       14.18      444.91     -5.2000     -4.6200    121.6000     47.9500     41.1100    635.4600   2749.9300
  1896       14.20      449.36     -5.3600     -4.6200    123.2300     48.3900     41.5400    640.2400   2750.6400
  1897       14.42      453.86     -4.7700     -4.6000    121.7600     46.9800     40.7300    643.7900   2752.3800
  1898       14.59      458.40     -4.5600     -4.5300    122.2900     47.7300     41.5800    646.5600   2754.0400
  1899       14.50      462.98     -5.2000     -4.6300    123.7700     48.4900     41.9000    650.9400   2754.9000
  1900       14.56      467.61     -4.8100     -4.6900    123.5700     47.8600     41.5700    654.6200   2756.2400
  1901       14.63      472.28     -5.1200     -4.6800    124.4400     48.2200     41.4800    658.0100   2757.9700
  1902       14.54      477.01     -4.9400     -4.8300    124.4000     48.6200     41.8100    661.1500   2759.6400
  1903       14.56      481.78     -5.8800     -5.0700    125.9400     48.9600     41.3700    665.3900   2761.2700
  1904       14.63      486.60     -5.1700     -4.8200    127.1700     49.1100     42.5200    668.9900   2763.1800
  1905       14.49      491.46     -5.6300     -5.0000    127.4000     49.5700     42.0700    673.1400   2764.7400
  1906       14.47      496.38     -4.7000     -4.9200    125.6000     48.6600     42.2800    675.9200   2766.9700
  1907       14.37      501.34     -5.8600     -4.8900    128.1100     50.1900     42.6100    680.0200   2768.3700
  1908       14.40      506.35     -5.9100     -5.0900    128.3900     50.2300     42.5800    684.4000   2770.1000
  1909       14.68      511.42     -5.0700     -4.9700    128.4000     49.7800     43.1500    688.5600   2771.5800
  1910       14.73      516.53     -5.5000     -4.9800    130.5200     50.8300     43.7100    692.2300   2773.0900
  1911       14.48      521.70     -6.0000     -5.3200    130.7800     51.3600     43.7000    696.7500   2774.5600
  1912       14.28      526.91     -5.6600     -5.3400    129.9900     50.8800     43.4100    700.8900   2776.3600
  1913       14.50      532.18     -6.3300     -5.1500    132.7000     52.1200     44.3100    705.3500   2777.8800
  1914       14.60      537.50     -5.6700     -5.1400    132.4800     51.1600     43.9100    709.6300   2779.8600
  1915       14.51      542.88     -6.0200     -5.2900    132.4200     51.4500     43.9700    713.4000   2781.9400
  1916       14.50      548.31     -5.3700     -5.2500    132.5400     51.2400     44.0700    716.8600   2784.3400
  1917       14.39      553.79     -5.6500     -5.1900    132.5500     51.7600     44.4300    720.5100   2786.1900
  1918       14.27      559.33     -6.1700     -5.3100    134.7000     53.1700     45.2400    724.9400   2787.7900
  1919       14.33      564.92     -6.4500     -5.3900    135.6400     53.1600     45.1800    730.0200   2789.2400
  1920       14.41      570.57     -5.3300     -5.4100    133.4300     51.8800     44.6200    733.6200   2791.7000
  1921       14.48      576.28     -5.9600     -5.4500    134.5000     52.5400     45.1500    737.1900   2793.8300
  1922       14.49      582.04     -6.2500     -5.5400    136.0400     53.2200     45.4900    741.7800   2795.4700
  1923       14.71      587.86     -5.5000     -5.5200    136.5700     53.1100     45.7800    745.9100   2797.2500
  1924       14.43      593.74     -6.7300     -5.4900    139.5400     55.4600     46.7500    750.7500   2798.6400
  1925       14.42      599.68     -5.9900     -5.5700    137.9800     54.2100     46.4500    756.0600   2799.9900
  1926       14.37      605.67     -6.1300     -5.5100    138.2500     54.1300     46.3600    759.9200   2802.0700
  1927       14.47      611.73     -6.1300     -5.5900    138.1500     54.0200     46.0700    764.0800   2804.3700
  1928       14.55      617.85     -5.9200     -5.3900    138.7300     54.9600     47.4300    768.5700   2805.9000
  1929       14.54      624.03     -6.3400     -5.5900    139.5500     54.6900     46.7900    773.4100   2807.4700
  1930       14.68      630.27     -5.9600     -5.5700    140.8300     55.3600     47.6800    777.7100   2809.3300
  1931       14.45      636.57     -6.5500     -5.7000    141.0100     55.8000     47.5100    782.2500   2811.0300
  1932       14.24      642.93     -5.9400     -5.9300    140.8000     55.3100     47.5300    786.5000   2813.3500
  1933       14.07      649.36     -6.5300     -5.7300    140.8700     55.7100     47.2400    790.8800   2815.2300
  1934       14.05      655.86     -6.2100     -5.7700    140.9300     55.4400     47.3200    795.2000   2817.3900
  1935       14.47      662.42     -5.7500     -5.7900    142.1000     55.3600     47.6500    798.7600   2820.0500
  1936       14.62      669.04     -5.9400     -5.7500    142.0600     56.4000     48.8800    803.0500   2821.6200
  1937       14.44      675.73     -6.6300     -5.9500    143.9000     56.4800     48.0400    808.0400   2823.2000
  1938       14.52      682.49     -5.5500     -5.9700    141.8700     55.5800     48.1000    811.7400   2825.6200
  1939       14.58      689.31     -7.1500     -5.7500    144.9100     57.5400     48.7700    816.5100   2827.1400
  1940       14.59      696.21     -6.4200     -5.8000    144.9900     56.7700     48.6800    821.4600   2829.3100
  1941       14.68      703.17     -6.0700     -5.7200    143.7100     56.4300     48.3400    825.2800   2831.7600
  1942       14.80      710.20     -6.6400     -5.8800    147.3400     58.3300     50.0800    829.7800   2833.6900
  1943       14.61      717.30     -6.8400     -6.0000    147.3700     57.7900     49.2800    834.8200   2835.6600
  1944       14.44      724.47     -6.6800     -5.9800    147.8300     58.3900     50.0500    839.4500   2837.8800
  1945       14.30      731.72     -6.7300     -6.0500    148.0100     58.5400     49.8300    844.1000   2839.9000
  1946       14.29      739.04     -6.4200     -6.0300    146.7200     58.1000     49.8100    848.4300   2842.3100
  1947       14.50      746.43     -5.6800     -6.0100    146.4700     57.5400     50.0300    852.6300   2844.5900
  1948       14.66      753.89     -7.0700     -5.9200    149.1300     58.8200     50.1700    856.9400   2846.5100
  1949       14.37      761.43     -6.4600     -6.2300    149.3400     59.2400     50.7700    861.6000   2848.8400
  1950       14.30      769.04     -6.6300     -6.3100    150.4200     59.5900     51.0300    866.1900   2850.9100
  1951       14.44      776.73     -6.5500     -6.0900    150.4700     59.1800     50.9700    870.9000   2853.0000
  1952       14.67      784.50     -6.1400     -6.1200    150.3500     59.1700     51.2000    874.8200   2855.4000
  1953       14.48      792.35     -6.4900     -6.1100    151.7300     60.4800     52.1500    879.4400   2857.2600
  1954       14.41      800.27     -6.4800     -6.1100    151.9200     60.6200     52.0800    884.8900   2858.4300
  1955       14.49      808.27     -6.7400     -6.2200    152.8200     60.7300     52.0400    889.6900   2860.3200
  1956       14.46      816.36     -6.9200     -6.2600    152.7500     60.3400     51.6200    894.2500   2862.7700
  1957       14.56      824.52     -6.4800     -6.1800    153.0200     60.4600     52.1000    898.4000   2865.5600
  1958       14.60      832.76     -6.6600     -6.2200    153.2400     60.0600     51.5800    902.3100   2868.2600
  1959       14.65      841.09     -6.2500     -6.2600    152.2600     60.1200     52.2100    906.4300   2870.7000
  1960       14.73      849.50     -7.5400     -6.0600    156.1000     62.2000     53.1400    911.5500   2872.5400
  1961       14.61      858.00     -7.1200     -6.1800    156.8100     62.1400     53.0700    917.1300   2874.6400
  1962       14.43      866.58     -6.1100     -6.3200    154.3900     61.1900     53.0800    920.9900   2877.3500
  1963       14.50      875.24     -6.4500     -6.2000    156.0500     62.1300     53.6600    925.2700   2879.5100
  1964       14.69      884.00     -5.9000     -6.3700    155.5700     61.3500     53.6300    929.3000   2881.9400
  1965       14.75      892.84     -6.7800     -6.2700    157.6500     62.8300     54.2600    933.6200   2883.8700
  1966       14.51      901.76     -6.9000     -6.3800    158.2600     63.5200     54.5600    938.7500   2885.5800
  1967       14.47      910.78     -6.3600     -6.4100    157.2100     62.2600     54.0500    943.4100   2888.0100
  1968       14.47      919.89     -6.5300     -6.1600    158.4100     63.1200     54.9100    947.3300   2890.4500
  1969       14.48      929.09     -6.8300     -6.2400    158.9700     63.5300     54.7000    952.0400   2892.5900
  1970       14.81      938.38     -6.4300     -6.2700    160.4300     64.0800     55.9700    957.3400   2894.1400
  1971       14.64      947.76     -6.9700     -6.2100    160.7100     64.5800     56.0800    962.3900   2895.9300
  1972       14.40      957.24     -7.2800     -6.6700    161.8200     64.9400     56.0000    967.7600   2897.6700
  1973       14.45      966.81     -6.4300     -6.4700    160.2400     63.7700     55.6200    972.5300   2900.1000
  1974       14.47      976.48     -7.2600     -6.5400    163.8700     65.6200     56.5700    977.0500   2902.3600
  1975       14.53      986.25     -6.1600     -6.7200    161.8200     64.8800     56.8300    981.9600   2904.3000
  1976       14.75      996.11     -6.0200     -6.4400    162.0600     64.9100     56.8600    986.5500   2906.1200
  1977       14.56     1006.07     -6.5000     -6.2900    162.3600     65.3100     56.8400    990.6400   2908.2000
  1978       14.48     1016.13     -6.2500     -6.4600    162.2300     65.0800     57.0600    995.2900   2910.2000
  1979       14.69     1026.29     -6.8000     -6.2300    166.0300     66.8000     58.3500   1000.4200   2911.7000
  1980       14.53     1036.56     -6.8100     -6.4600    165.0500     66.3400     57.8100   1005.9500   2913.2600
  1981       14.41     1046.92     -7.3400     -6.6100    166.6000     66.7900     57.6800   1010.5900   2915.6300
  1982       14.66     1057.39     -6.6800     -6.5300    165.7100     66.1100     57.8700   1015.2000   2918.3400
  1983       14.53     1067.96     -6.4000     -6.5500    165.2400     66.3200     58.1900   1019.4100   2920.6700
  1984       14.40     1078.64     -6.6900     -6.6100    164.4300     66.1100     57.5100   1023.4900   2923.1300
  1985       14.38     1089.43     -5.9400     -6.7400    163.8000     65.7000     57.8200   1027.2400   2926.0800
  1986       14.39     1100.32     -7.2300     -6.7800    165.7400     67.1000     58.1200   1031.7700   2928.0000
  1987       14.25     1111.33     -6.8200     -6.8200    165.8300     67.2800     58.7600   1036.4800   2930.4800
  1988       14.32     1122.44     -6.5800     -6.9000    166.8400     67.2500     59.0400   1041.6300   2932.3500
  1989       14.55     1133.67     -6.0800     -6.6200    167.3200     67.4000     59.7000   1045.8600   2934.6200
