  YEAR          ST         CO2 LA_CO2_FLUX OA_CO2_FLUX         GPP         NPP      HETRES       CLIVE       CDEAD
  1850       14.43      284.32     -0.6300     -0.1200     95.8000     38.0300     36.0700    533.9900   2715.9100
  1851       14.52      284.32     -0.2200     -0.0900     95.1200     37.0800     35.5200    534.2400   2716.1700
  1852       14.54      284.32      0.1900     -0.0900     93.4400     36.7300     35.7000    533.6400   2716.6600
  1853       14.53      284.32     -0.0000     -0.0900     93.8500     37.3200     35.8900    533.8100   2716.5200
  1854       14.48      284.32      0.3300     -0.1100     93.7800     36.8100     35.6300    533.7000   2716.5700
  1855       14.52      284.32     -0.0200     -0.1100     93.3300     36.8300     35.3700    533.4800   2716.5000
  1856       14.54      284.32      0.5100     -0.1500     92.3100     36.2200     35.3300    532.9500   2716.8600
  1857       14.45      284.32     -0.2700     -0.1700     93.9900     37.5700     35.9100    532.6000   2716.9600
  1858       14.38      284.32     -0.9600     -0.2100     96.0800     38.3000     36.0400    533.8800   2716.4000
  1859       14.42      284.32      0.3900     -0.1500     94.0000     36.5700     35.6300    533.8400   2716.8600
  1860       14.54      284.32      0.3500     -0.0500     93.3800     36.9400     35.8700    533.3100   2716.8800
  1861       14.37      284.32      0.0200     -0.0700     94.0600     37.3100     35.8700    533.5900   2716.5800
  1862       14.35      284.32      0.3800     -0.1900     92.5500     36.3800     35.4400    532.9500   2716.8200
  1863       14.34      284.32     -0.2300     -0.0600     94.6600     37.5600     35.9800    533.1400   2716.6700
  1864       14.32      284.32     -0.2100     -0.1000     94.0900     37.2900     35.7700    533.5400   2716.4900
  1865       14.44      284.32      0.1300     -0.1800     93.7700     36.5800     35.2400    533.3800   2716.7900
  1866       14.59      284.32      0.3900     -0.1700     93.0500     36.7500     35.6600    532.8700   2717.0100
  1867       14.56      284.32     -0.0300     -0.1200     94.2400     37.2600     35.9000    533.2100   2716.5700
  1868       14.52      284.32     -0.3700     -0.1600     95.3400     37.9200     36.3800    533.7600   2716.1700
  1869       14.59      284.32      0.2900     -0.1900     94.4800     36.8500     35.8600    534.1000   2716.1400
  1870       14.57      284.32      0.0100     -0.0500     94.9300     37.6800     36.3200    534.0200   2715.8200
  1871       14.35      284.32     -0.0900     -0.1000     94.7400     37.4500     35.9500    534.2500   2715.7300
  1872       14.34      284.32     -0.0900     -0.1500     95.2000     38.0300     36.3300    534.7300   2715.4100
  1873       14.41      284.32      0.0600     -0.1300     95.8300     37.5900     36.2200    534.8000   2715.3500
  1874       14.36      284.32     -0.1900     -0.1300     95.3100     37.7900     36.1700    535.0300   2715.1600
  1875       14.51      284.32      0.1500     -0.1600     94.6800     37.2300     36.1000    535.1600   2715.1800
  1876       14.53      284.32      0.0600     -0.0300     94.8000     37.7100     36.3200    535.0100   2715.0000
  1877       14.41      284.32     -0.0700     -0.0900     94.6400     37.8100     36.3000    535.4600   2714.6700
  1878       14.32      284.32     -0.3300     -0.2800     94.8400     37.2600     35.6100    535.7400   2714.6500
  1879       14.59      284.32      0.2800     -0.1700     94.2700     36.9700     35.7100    535.2100   2715.1500
  1880       14.51      284.32      0.0600     -0.1700     93.3800     36.7900     35.4400    534.9000   2715.2600
  1881       14.53      284.32     -0.1900     -0.2700     95.5100     37.6500     36.1500    535.1700   2715.2700
  1882       14.58      284.32      0.4700     -0.1200     94.7800     37.4200     36.6200    534.8700   2715.1700
  1883       14.32      284.32     -0.5600     -0.0800     95.0800     38.2700     36.1900    535.8000   2714.5100
  1884       14.47      284.32     -0.2400     -0.1800     94.8800     36.9600     35.4100    535.9300   2714.8200
  1885       14.70      284.32      0.9000     -0.0900     92.7900     35.8500     35.2500    535.2200   2715.2700
  1886       14.72      284.32      0.5500     -0.0600     92.7600     36.1800     35.1000    534.0600   2715.6900
  1887       14.44      284.32      0.2700      0.0300     92.7600     37.0800     35.9200    533.6400   2715.5200
  1888       14.28      284.32     -0.0900     -0.1500     93.7700     37.3900     35.7800    534.1700   2715.1400
  1889       14.32      284.32     -0.4500     -0.2100     94.9500     37.7900     35.9400    534.7800   2714.7700
  1890       14.55      284.32      0.3000     -0.1100     94.5300     36.6600     35.5600    534.7400   2714.8600
  1891       14.51      284.32      0.3200     -0.0400     94.3000     37.3300     36.0300    534.3300   2714.9300
  1892       14.40      284.32     -0.4200     -0.0600     95.2500     37.9100     36.1500    534.7700   2714.6600
  1893       14.53      284.32     -0.2700     -0.1200     95.5900     37.6900     35.9100    534.9800   2714.7200
  1894       14.68      284.32      0.7800     -0.2400     94.3600     36.6300     36.1600    534.6800   2715.0000
  1895       14.76      284.32      0.5200     -0.1700     92.9200     36.4000     35.5800    533.8400   2715.0100
  1896       14.43      284.32      0.4700     -0.1400     92.3200     36.7400     35.8500    533.2500   2715.1000
  1897       14.34      284.32      0.1400     -0.2000     93.3200     37.0500     35.6200    533.5300   2714.6500
  1898       14.33      284.32     -0.2000     -0.0400     94.1600     37.4200     35.7200    533.7500   2714.2900
  1899       14.27      284.32     -0.5400      0.0200     94.7300     37.9300     35.9200    534.4600   2714.0000
  1900       14.30      284.32     -0.1900     -0.1900     95.3700     37.7400     36.2700    535.0600   2713.8800
  1901       14.59      284.32      0.4500     -0.0600     94.1700     36.9600     35.9700    534.6600   2714.0000
  1902       14.63      284.32     -0.1400     -0.1000     94.9100     37.3800     35.9100    534.9500   2713.8600
  1903       14.60      284.32      0.4000     -0.0900     94.4600     37.3900     36.1800    534.6800   2713.8000
  1904       14.42      284.32     -0.3600     -0.1900     94.7300     37.8100     36.2100    535.0500   2713.4100
  1905       14.57      284.32      0.3800     -0.1800     94.7000     37.0500     35.8100    535.1400   2713.6400
  1906       14.51      284.32      0.1700     -0.1300     93.4700     36.8300     35.6500    534.6000   2713.7100
  1907       14.45      284.32     -0.0200     -0.1300     94.8000     37.5900     36.1200    534.6400   2713.7400
  1908       14.33      284.32     -0.0800     -0.1200     94.1600     37.4500     35.9800    534.9300   2713.3800
  1909       14.28      284.32     -0.5700     -0.0700     94.2900     37.4700     35.4800    534.9600   2713.6100
  1910       14.28      284.32     -0.6300     -0.2000     96.0400     37.7300     35.8100    535.7600   2713.5600
  1911       14.50      284.32      0.5200     -0.0800     94.5900     36.9600     36.0600    535.5100   2713.8300
  1912       14.57      284.32     -0.0300     -0.1200     94.6000     37.6500     36.1000    535.4300   2713.7200
  1913       14.47      284.32     -0.0900     -0.0800     94.3700     37.3100     35.9900    535.5200   2713.5900
  1914       14.55      284.32      0.1900     -0.1700     93.7700     36.9000     35.6200    535.5500   2713.6000
  1915       14.50      284.32      0.2100      0.0800     94.7700     37.4100     36.1600    535.6100   2713.4100
  1916       14.27      284.32      0.0600     -0.0800     94.1100     37.4000     35.8100    535.3900   2713.5600
  1917       14.30      284.32      0.0400     -0.2300     94.0900     37.2600     35.8400    535.3500   2713.5900
  1918       14.55      284.32      0.5800     -0.2000     93.9600     37.1100     36.4100    535.3100   2713.1200
  1919       14.54      284.32     -0.4000     -0.1300     95.0900     37.4700     35.8400    535.7100   2712.7800
  1920       14.56      284.32     -0.1300     -0.1100     95.4300     37.6300     36.1700    536.0000   2712.8300
  1921       14.64      284.32      0.3400     -0.0400     94.4500     36.9000     35.8800    535.9200   2712.7700
  1922       14.57      284.32      0.4500     -0.1500     93.6600     36.7900     35.7300    535.2000   2713.0700
  1923       14.47      284.32      0.1300     -0.1900     93.9700     37.3100     36.0500    534.8800   2713.0800
  1924       14.37      284.32     -0.0000     -0.2000     93.4500     36.9400     35.5600    535.0400   2712.9600
  1925       14.44      284.32     -0.1100     -0.1300     96.1900     37.8400     36.4100    535.1700   2712.8000
  1926       14.19      284.32     -0.4100     -0.1700     95.3000     37.7900     36.1000    535.6900   2712.5900
  1927       14.21      284.32     -0.4800     -0.2700     95.8200     38.0100     36.3600    536.3300   2712.4600
  1928       14.23      284.32     -0.0600     -0.0700     94.1400     37.0200     35.5600    536.3800   2712.7400
  1929       14.11      284.32      0.1200     -0.1000     94.3800     37.4000     35.9000    535.9000   2713.2100
  1930       14.19      284.32      0.0700     -0.2100     94.1200     37.5900     36.1500    536.2200   2712.8800
  1931       14.37      284.32      0.2600     -0.1100     93.8400     37.0700     36.0500    535.8600   2712.8900
  1932       14.36      284.32     -0.0800      0.0200     94.0200     37.1300     35.6800    536.1200   2712.6300
  1933       14.45      284.32      0.1400     -0.1700     93.8600     36.9800     35.7700    535.8800   2712.8200
  1934       14.55      284.32      0.2600     -0.1200     93.7700     36.8500     35.7500    535.7200   2712.8100
  1935       14.52      284.32      0.2300     -0.1700     93.9400     37.1600     35.8800    535.6100   2712.7700
  1936       14.53      284.32     -0.4100     -0.2000     94.8400     37.2200     35.5600    535.7600   2712.7100
  1937       14.64      284.32      0.2400     -0.1600     94.7800     37.3800     36.2400    535.5400   2712.8700
  1938       14.38      284.32     -0.3200     -0.1100     95.4600     38.3600     36.4700    536.2200   2712.4200
  1939       14.34      284.32      0.1000     -0.2100     93.8500     37.0800     35.6800    536.3000   2712.5400
  1940       14.27      284.32     -0.2200     -0.0400     94.3800     37.3600     35.8000    535.9100   2712.7400
  1941       14.28      284.32      0.0600     -0.1800     93.6200     36.9800     35.5100    535.9700   2712.9900
  1942       14.34      284.32      0.4600     -0.1600     94.2900     37.1500     36.0900    535.8300   2712.8400
  1943       14.29      284.32      0.0700     -0.1300     93.3600     36.4300     35.0600    535.2300   2713.1700
  1944       14.30      284.32      0.1900     -0.1400     93.2900     36.7300     35.4800    534.6800   2713.5400
  1945       14.41      284.32      0.0800     -0.0700     93.9500     37.3500     36.0400    534.7100   2713.4600
  1946       14.42      284.32     -0.3500     -0.0900     95.3900     38.0300     36.2000    535.3200   2712.9400
  1947       14.55      284.32      0.1900     -0.1700     94.5200     37.1200     35.8400    535.5400   2712.9700
  1948       14.74      284.32      0.4100     -0.0600     94.0500     37.0900     36.1000    535.1800   2712.8600
  1949       14.52      284.32      0.4600     -0.0500     93.3600     36.7100     35.7300    534.8500   2712.9200
  1950       14.28      284.32      0.2400     -0.0700     93.7000     37.3500     35.9100    534.3800   2712.9300
  1951       14.37      284.32     -0.0700     -0.1200     93.5000     37.2700     35.5900    534.8100   2712.6400
  1952       14.62      284.32      0.7600      0.0200     93.4000     36.5100     35.6600    534.1200   2712.9100
  1953       14.46      284.32      0.0200     -0.0300     94.0700     37.5600     36.0500    533.8100   2712.6900
  1954       14.50      284.32      0.2600     -0.1700     94.0400     37.0600     35.8400    534.0200   2712.5500
  1955       14.65      284.32      0.5800     -0.1800     92.1200     36.2400     35.3700    533.5000   2712.5600
  1956       14.63      284.32     -0.1200     -0.2200     94.6200     37.4300     35.8700    533.7200   2712.2700
  1957       14.53      284.32      0.6100     -0.2100     92.6600     36.0600     35.1900    533.2800   2712.5000
  1958       14.43      284.32      0.3600     -0.1700     92.4400     36.7200     35.9200    532.7100   2712.4100
  1959       14.39      284.32     -0.2100     -0.1700     93.0600     36.7400     35.0000    532.8500   2712.2800
  1960       14.45      284.32      0.3500     -0.2400     93.0600     36.5500     35.6800    532.6700   2712.3800
  1961       14.61      284.32      0.5200     -0.1900     93.2300     37.0900     36.3100    532.9100   2711.8400
  1962       14.41      284.32     -0.5800     -0.0500     94.1900     37.5300     35.4400    533.2100   2711.4200
  1963       14.35      284.32      0.3200     -0.2000     93.6200     37.1400     35.7800    533.5300   2711.5000
  1964       14.42      284.32     -0.2300     -0.0700     95.0800     37.6400     36.0400    533.5300   2711.2800
  1965       14.60      284.32     -0.2800     -0.0800     95.1400     37.8800     36.2500    534.0700   2710.9400
  1966       14.84      284.32      1.1400     -0.1300     92.5000     35.8000     35.3000    533.6800   2711.1500
  1967       14.77      284.32      0.5500     -0.2200     92.1900     36.5700     35.6300    532.6700   2711.0600
  1968       14.67      284.32      0.3600     -0.2200     92.5000     36.4100     35.2800    532.5100   2710.9600
  1969       14.72      284.32     -0.3300     -0.1700     95.5200     37.6000     35.9500    532.8500   2710.6800
  1970       14.61      284.32     -0.1600     -0.0700     95.2200     37.7300     36.0800    533.1700   2710.5600
  1971       14.41      284.32      0.0200      0.0100     94.7200     37.4700     35.8900    533.0400   2710.6500
  1972       14.46      284.32      0.2600     -0.1000     94.3100     37.3800     36.2600    532.9100   2710.7600
  1973       14.38      284.32      0.0700      0.0000     94.8000     37.3800     35.9700    532.9700   2710.4700
  1974       14.38      284.32     -0.0300     -0.0800     94.7100     37.8100     36.3500    533.4900   2710.1200
  1975       14.40      284.32      0.2000     -0.1700     94.7800     37.5600     36.4000    533.4700   2709.9300
  1976       14.49      284.32      0.2500     -0.0900     93.6100     36.8400     35.5900    533.3100   2709.9200
  1977       14.45      284.32     -0.0700     -0.1500     94.4900     37.3100     35.9400    533.2200   2709.9800
  1978       14.68      284.32      0.7700     -0.1000     93.8400     36.6900     36.0500    532.9400   2709.8600
  1979       14.71      284.32      0.3100     -0.0200     93.2700     37.1600     36.1100    532.8100   2709.5300
  1980       14.47      284.32     -0.3700     -0.1000     95.7900     38.1700     36.5000    533.2700   2708.9900
  1981       14.39      284.32      0.0400     -0.1200     94.2800     37.3700     35.9300    533.8300   2708.8900
  1982       14.50      284.32      0.1500     -0.1500     94.0800     37.1900     36.0400    533.4700   2708.8600
  1983       14.62      284.32      0.2100     -0.1300     94.7900     37.2900     36.0500    533.9000   2708.6400
  1984       14.70      284.32      0.4400     -0.1400     93.9000     37.1900     36.1500    533.4400   2708.4400
  1985       14.55      284.32      0.0800     -0.1300     93.5400     37.0700     35.7200    533.3700   2708.4100
  1986       14.36      284.32     -0.8600     -0.0600     95.7000     38.3800     36.2500    533.7700   2708.1900
  1987       14.32      284.32     -0.2600     -0.2700     94.7700     37.4200     35.8400    534.4600   2708.3900
  1988       14.42      284.32     -0.5600     -0.1400     95.6800     37.8900     36.0600    534.6000   2708.2800
  1989       14.46      284.32      0.5000     -0.2500     93.1500     36.5000     35.4900    534.6200   2708.6900
