  YEAR          ST         CO2 LA_CO2_FLUX OA_CO2_FLUX         GPP         NPP      HETRES       CLIVE       CDEAD
  1850       14.50      284.67     -0.3500     -0.1400     95.6800     37.7200     36.1800    533.8500   2715.9200
  1851       14.55      287.17     -0.2300     -0.5000     93.9600     37.1200     35.4700    533.8300   2716.0600
  1852       14.64      290.04     -0.0500     -0.7400     95.9200     37.9700     36.6000    534.2400   2716.0000
  1853       14.45      292.94     -1.0300     -0.9200     97.1400     38.5600     36.2500    535.1500   2715.7200
  1854       14.59      295.87     -0.3300     -1.2100     96.3000     38.1700     36.4100    535.8000   2715.8000
  1855       14.69      298.83     -0.9600     -1.3900     97.8400     38.6800     36.4800    536.6500   2715.4200
  1856       14.58      301.82     -1.2500     -1.6100     97.5100     38.5400     35.8700    537.7400   2715.6200
  1857       14.48      304.83     -1.5100     -1.7900     98.1700     38.8200     35.9400    538.6200   2716.1000
  1858       14.32      307.88     -1.9000     -1.9100     99.5500     39.6000     36.2400    539.9300   2716.4400
  1859       14.34      310.96     -1.8100     -2.0500    100.7700     39.8600     36.2900    541.2700   2717.0400
  1860       14.35      314.07     -1.3600     -2.0600    100.9500     39.4200     36.7100    542.4300   2717.5700
  1861       14.50      317.21     -1.4700     -2.1900    101.4500     39.5800     36.5400    543.4100   2718.0500
  1862       14.55      320.38     -1.7000     -2.3800    101.3800     39.7600     36.6500    544.6200   2718.4700
  1863       14.72      323.59     -1.8400     -2.3800    102.3700     40.3600     36.9900    546.2800   2718.7100
  1864       14.88      326.82     -1.9000     -2.3700    102.4200     40.1200     36.6300    547.9600   2718.9400
  1865       14.97      330.09     -1.9300     -2.5300    103.9300     40.2800     36.8100    549.2600   2719.6600
  1866       14.97      333.39     -2.0400     -2.6900    103.4900     40.3800     36.7800    550.5800   2720.2500
  1867       15.07      336.73     -2.4800     -2.6700    105.7000     41.7500     37.7500    552.6900   2720.5400
  1868       14.76      340.09     -2.6300     -2.8800    106.0600     41.6500     37.3800    554.9900   2720.8300
  1869       14.76      343.49     -2.1100     -3.0400    105.7900     41.2300     37.4700    556.9300   2721.4100
  1870       14.97      346.93     -2.6600     -3.0400    107.8700     42.0500     37.8700    558.6600   2722.0100
  1871       14.91      350.40     -2.3800     -3.0800    105.7700     41.2600     37.1700    560.6300   2722.6600
  1872       14.83      353.90     -2.8700     -3.2100    106.6800     41.9000     37.4100    562.4300   2723.3400
  1873       14.91      357.44     -3.4000     -3.2300    110.0200     43.0700     38.3300    565.3800   2723.7700
  1874       14.93      361.02     -3.2400     -3.3600    109.6300     42.9900     38.1000    568.1200   2724.3900
  1875       14.98      364.63     -3.2400     -3.4300    110.0800     42.9100     38.0700    570.8000   2725.0900
  1876       14.82      368.27     -2.9600     -3.3600    110.3200     43.0700     38.5200    573.0800   2726.0100
  1877       14.86      371.96     -3.2500     -3.4600    110.6400     43.4900     38.4800    575.7300   2726.4700
  1878       14.94      375.68     -3.7300     -3.5100    112.3500     44.2600     38.8100    579.0500   2726.7600
  1879       14.99      379.43     -2.8600     -3.5500    111.9300     43.1300     38.6900    581.3400   2727.8500
  1880       15.28      383.23     -2.6500     -3.6200    111.2200     43.0000     38.4500    583.1600   2728.9800
  1881       15.32      387.06     -2.8200     -3.6400    110.5100     43.3100     38.6700    585.0900   2729.4800
  1882       15.03      390.93     -4.0500     -3.7700    114.2900     45.0700     39.4100    588.2900   2729.9700
  1883       15.18      394.84     -3.8100     -3.8800    114.1000     44.1500     38.6200    592.0600   2730.5600
  1884       15.27      398.79     -3.5700     -3.8500    115.4800     45.3500     40.1300    594.2700   2731.7300
  1885       15.08      402.77     -4.4300     -3.9600    115.9200     45.7300     39.6300    598.0200   2732.2700
  1886       15.07      406.80     -4.1100     -3.9100    116.7800     45.4300     39.7700    601.0500   2733.4700
  1887       15.04      410.87     -4.3000     -3.9600    117.4100     46.0100     39.7500    604.3300   2734.4900
  1888       15.20      414.98     -3.3700     -3.9700    116.5900     45.4900     40.2400    607.3100   2735.5600
  1889       15.33      419.13     -3.7500     -4.0100    117.3900     45.6300     40.3500    609.8800   2736.4800
  1890       15.08      423.32     -4.6400     -4.0800    118.9700     46.8000     40.4500    613.1600   2737.3900
  1891       15.20      427.55     -4.1500     -4.1800    120.0300     46.8100     40.7800    616.9000   2738.4300
  1892       15.52      431.83     -3.6300     -4.0900    117.8800     45.5400     39.9300    619.5400   2739.6700
  1893       15.56      436.15     -4.0500     -4.2700    120.2600     47.0100     41.1700    622.3600   2740.7000
  1894       15.43      440.51     -5.0700     -4.2500    122.0600     48.4500     41.7500    626.4700   2741.1700
  1895       15.22      444.91     -4.7500     -4.2700    122.2300     47.8600     41.3700    630.7800   2742.0400
  1896       15.47      449.36     -3.8300     -4.3200    121.7700     46.9800     40.9300    633.4500   2743.8600
  1897       15.64      453.86     -4.0100     -4.2400    122.7500     47.5700     41.9000    636.2600   2745.0000
  1898       15.51      458.40     -4.3900     -4.3300    123.7900     48.2200     42.0300    639.6000   2745.8000
  1899       15.43      462.98     -5.1900     -4.4700    125.4900     49.1400     42.2800    644.0000   2746.4000
  1900       15.38      467.61     -4.7900     -4.4200    125.0200     48.3400     41.8400    647.9900   2747.6300
  1901       15.27      472.28     -4.8200     -4.5400    125.5500     48.7400     41.8600    650.6900   2749.5000
  1902       15.38      477.01     -5.4200     -4.5700    126.3600     49.5500     42.2700    654.6900   2750.6400
  1903       15.53      481.78     -4.8200     -4.4600    126.9100     49.3800     42.7500    658.8800   2752.0000
  1904       15.80      486.60     -4.4000     -4.3300    126.7100     49.2200     42.9000    661.9800   2753.4300
  1905       15.73      491.46     -4.8000     -4.6300    128.2000     49.8600     42.8800    665.4800   2754.7900
  1906       15.78      496.38     -5.0500     -4.6100    128.3500     50.1200     43.1200    669.1900   2756.0200
  1907       15.70      501.34     -5.2500     -4.6300    128.7300     50.1300     43.1000    672.9800   2757.3600
  1908       15.68      506.35     -4.8900     -4.6000    129.4700     50.5900     43.3800    676.6800   2758.9600
  1909       15.76      511.42     -5.0400     -4.6800    129.2400     50.4100     43.2700    680.2400   2760.4100
  1910       15.94      516.53     -5.1000     -4.6600    130.1400     50.2700     43.3600    683.9700   2762.0700
  1911       16.13      521.70     -3.9700     -4.7100    129.8100     50.5100     44.2800    687.2300   2763.5700
  1912       15.95      526.91     -4.9600     -4.6900    130.6800     51.9800     44.7300    690.3900   2764.5000
  1913       15.46      532.18     -5.6600     -4.9700    133.1700     52.7700     44.7700    695.1200   2765.3700
  1914       15.58      537.50     -5.4200     -5.0300    134.2700     52.5300     44.8800    699.5500   2766.6000
  1915       15.86      542.88     -5.0300     -4.8100    134.7600     52.5000     45.8700    703.5200   2767.9700
  1916       15.86      548.31     -5.2400     -4.9000    134.4200     52.5400     45.4000    707.7400   2769.1000
  1917       15.75      553.79     -5.1800     -5.0500    134.7200     52.6600     45.5200    711.3000   2770.5900
  1918       16.04      559.33     -5.5000     -4.9200    136.0500     53.5300     45.9800    715.7500   2771.6400
  1919       16.02      564.92     -6.6300     -4.8400    139.3400     55.0500     46.7800    721.0900   2772.4100
  1920       15.90      570.57     -5.8700     -5.1300    138.4800     53.9400     46.2400    726.0700   2774.0700
  1921       16.20      576.28     -5.2200     -5.0300    139.8900     54.2400     47.0000    730.2600   2775.7100
  1922       16.09      582.04     -6.2400     -4.9200    140.7300     55.6300     47.6300    734.4500   2777.0200
  1923       15.79      587.86     -6.3500     -5.0100    141.4100     55.8800     47.5300    739.4400   2778.4400
  1924       15.91      593.74     -4.7700     -5.0900    138.5900     53.1700     46.0900    743.3400   2780.5800
  1925       16.09      599.68     -4.9700     -5.0600    139.9300     54.8600     48.0400    746.0100   2782.5100
  1926       16.04      605.67     -6.1900     -5.1600    142.7400     56.4500     48.2500    751.1300   2783.1700
  1927       15.94      611.73     -6.0700     -5.1100    142.3800     55.9100     47.5900    755.8500   2784.7100
  1928       16.11      617.85     -5.2300     -5.0800    140.6000     54.3700     47.1000    759.7100   2786.6900
  1929       16.21      624.03     -5.0300     -5.1200    140.8600     54.9800     47.6400    762.6800   2788.9200
  1930       16.11      630.27     -5.3900     -5.0800    140.4700     55.3500     47.9100    766.3300   2790.4600
  1931       16.10      636.57     -6.2500     -5.2400    143.9800     56.8300     48.5800    771.0500   2791.7800
  1932       16.03      642.93     -5.3200     -5.3300    141.4900     55.4900     47.9000    775.3200   2793.5100
  1933       16.13      649.36     -6.1300     -5.3100    144.1000     56.7300     48.5300    779.7300   2794.8600
  1934       16.28      655.86     -5.4200     -5.1300    145.8100     57.7400     50.0900    784.1300   2796.4700
  1935       16.05      662.42     -6.0200     -5.2600    146.0800     58.2500     49.9600    788.9400   2797.2500
  1936       16.12      669.04     -6.0800     -5.3800    146.4000     57.6800     49.5900    793.8800   2798.5800
  1937       16.18      675.73     -5.9000     -5.1700    146.3400     57.1300     49.0200    798.2900   2800.3300
  1938       16.04      682.49     -6.0600     -5.1400    146.6700     57.7400     49.5100    802.0900   2802.6000
  1939       16.20      689.31     -6.2700     -5.2000    148.2600     58.4600     49.7400    806.5700   2804.3600
  1940       16.36      696.21     -5.2400     -5.0800    146.7600     57.3400     50.0500    810.7600   2806.1700
  1941       16.37      703.17     -5.7800     -5.0400    147.2600     58.0200     49.9700    814.4000   2808.0700
  1942       16.28      710.20     -5.8500     -5.3600    148.3200     58.5900     50.2200    818.7400   2809.6200
  1943       16.40      717.30     -6.1100     -5.2100    149.4200     59.1900     50.8000    823.4800   2810.9400
  1944       16.46      724.47     -6.2800     -5.2800    150.7500     59.3400     50.8400    828.2900   2812.5800
  1945       16.70      731.72     -5.5200     -5.2800    149.8600     58.7100     51.0800    832.2600   2814.6700
  1946       16.61      739.04     -5.9800     -5.3300    150.8500     60.2000     52.0600    836.5900   2816.0400
  1947       16.57      746.43     -6.4600     -5.4100    152.6500     60.8400     52.0000    842.0500   2817.0500
  1948       16.76      753.89     -5.0500     -5.5000    151.3200     59.3200     51.8900    846.2300   2819.0300
  1949       16.78      761.43     -6.3400     -5.4400    153.7900     61.7800     53.3900    850.0900   2820.4000
  1950       16.38      769.04     -6.3100     -5.3600    154.2600     61.8400     53.0300    856.0500   2821.2700
  1951       16.49      776.73     -6.4000     -5.5500    157.0000     62.0600     53.2300    860.8700   2822.9400
  1952       16.84      784.50     -5.2500     -5.1700    154.5200     61.3400     53.9600    865.3100   2824.5000
  1953       16.81      792.35     -5.4800     -5.3300    154.1600     61.2700     53.6600    869.3100   2825.8400
  1954       16.73      800.27     -5.3900     -5.4000    154.9300     61.6300     53.7200    872.9000   2827.6900
  1955       16.75      808.27     -6.5200     -5.6200    156.1400     61.6800     53.1300    877.8200   2829.0200
  1956       17.01      816.36     -5.8500     -5.3000    156.4700     62.3300     54.4800    882.0300   2831.0100
  1957       16.81      824.52     -6.6200     -5.1900    158.1600     63.3100     54.3900    887.1700   2832.1200
  1958       16.57      832.76     -6.0300     -5.5900    158.1400     62.9800     54.6400    892.0300   2833.8000
  1959       16.65      841.09     -6.7100     -5.3800    161.3300     64.6100     55.3300    897.6200   2834.7000
  1960       16.93      849.50     -5.2300     -5.1800    159.1000     63.3500     55.4600    902.3700   2836.2500
  1961       17.05      858.00     -5.5500     -5.3200    158.2200     63.1700     55.0600    905.9700   2837.7600
  1962       16.98      866.58     -6.1900     -5.4600    161.9100     64.5300     55.8700    910.9000   2839.3100
  1963       16.97      875.24     -5.6500     -5.4000    159.8300     63.5700     55.3800    915.2500   2840.7500
  1964       17.08      884.00     -5.0900     -5.3000    158.8100     62.9800     55.4400    918.6500   2842.9000
  1965       17.05      892.84     -6.2200     -5.2600    161.6300     65.3500     56.8500    923.3700   2843.7800
  1966       16.87      901.76     -6.5000     -5.2800    163.8600     65.7200     56.7400    928.7200   2844.9700
  1967       16.87      910.78     -5.6100     -5.5000    163.4300     65.1800     56.9200    933.4000   2846.5800
  1968       17.03      919.89     -5.0200     -5.4200    162.9700     64.6500     56.8900    937.4000   2847.9000
  1969       17.26      929.09     -4.9900     -5.3800    161.8700     64.2000     56.3200    940.9700   2849.7800
  1970       17.33      938.38     -6.2600     -5.3500    163.5600     66.5600     58.2100    945.6400   2850.4500
  1971       17.12      947.76     -6.0900     -5.4500    164.4500     65.9900     57.3400    951.1100   2851.4600
  1972       17.30      957.24     -5.3200     -5.5200    163.7500     65.1600     57.1400    954.8400   2853.6900
  1973       17.48      966.81     -5.6300     -5.1800    164.3300     66.5100     58.5000    958.9600   2854.9300
  1974       17.27      976.48     -5.9700     -5.5300    165.8300     67.1200     58.5600    964.5700   2855.3200
  1975       17.20      986.25     -5.9600     -5.4400    167.0600     67.6200     59.1000    969.4000   2856.3600
  1976       17.42      996.11     -5.9900     -5.4900    167.9300     67.1000     58.6900    974.5700   2857.6800
  1977       17.64     1006.07     -4.8700     -5.2600    165.6800     66.0500     58.5700    978.6800   2859.1400
  1978       17.58     1016.13     -5.4500     -5.4100    165.3700     66.4000     58.5000    981.7300   2861.1300
  1979       17.52     1026.29     -5.1000     -5.5500    166.1000     66.8100     59.2400    985.4800   2862.8500
  1980       17.53     1036.56     -6.0100     -5.5000    169.3300     68.2900     59.8500    990.4700   2863.6000
  1981       17.71     1046.92     -5.5000     -5.3800    169.5100     68.4600     60.6000    995.5100   2864.5300
  1982       17.96     1057.39     -5.9600     -5.0500    171.1200     70.1500     61.8900   1001.1300   2864.6500
  1983       17.67     1067.96     -5.9000     -5.5400    171.4000     69.5900     60.8800   1006.4800   2865.4100
  1984       17.77     1078.64     -4.3900     -5.4000    170.2500     68.5700     60.9400   1010.0700   2867.0000
  1985       17.92     1089.43     -5.2500     -5.2900    171.9300     69.9000     62.0300   1014.2300   2867.7800
  1986       17.79     1100.32     -5.7200     -5.3400    173.8600     70.7200     62.4300   1019.3200   2868.3900
  1987       17.80     1111.33     -4.7800     -5.5300    173.4400     69.8800     62.0900   1024.1300   2869.2200
  1988       18.00     1122.44     -4.4100     -5.1300    172.6000     70.4100     63.5600   1028.1800   2869.5200
  1989       18.05     1133.67     -5.8700     -5.4300    174.5500     71.2200     62.8600   1033.6600   2869.3300
