  YEAR          ST         CO2 LA_CO2_FLUX OA_CO2_FLUX         GPP         NPP      HETRES       CLIVE       CDEAD
  1850       14.45      284.32     -0.2400     -0.1100     95.2300     37.7300     36.1600    533.8700   2715.9100
  1851       14.48      284.32      0.1400     -0.0700     93.8700     37.1000     35.5500    533.7700   2715.9700
  1852       14.46      284.32     -0.3800     -0.0500     93.9700     37.2700     35.6000    533.8500   2716.0000
  1853       14.46      284.32     -0.0400     -0.1400     93.9100     36.6400     35.2900    533.6800   2716.4400
  1854       14.61      284.32      0.2300     -0.0100     93.8600     36.7200     35.5200    533.5000   2716.6000
  1855       14.66      284.32      0.7200     -0.0800     91.8100     35.9000     35.0600    532.6000   2716.9700
  1856       14.70      284.32      1.0800     -0.0700     92.0900     36.2500     35.9300    532.0700   2716.6800
  1857       14.50      284.32     -0.0800     -0.1600     92.9400     36.8500     35.4200    531.9700   2716.3000
  1858       14.48      284.32     -0.3200     -0.2700     94.1400     37.5500     35.9300    532.4700   2716.0100
  1859       14.49      284.32     -0.1800     -0.0700     94.1000     37.5400     36.1400    532.8400   2715.7300
  1860       14.49      284.32      0.3700     -0.1600     93.0000     36.7600     35.6000    533.3200   2715.5000
  1861       14.51      284.32     -0.5200     -0.0200     93.9500     37.3800     35.4300    533.1100   2715.6200
  1862       14.56      284.32      0.0600     -0.0600     94.3200     37.2700     35.8900    533.4400   2715.4700
  1863       14.53      284.32     -0.1200     -0.0400     94.6700     37.6500     35.9100    533.8400   2715.2800
  1864       14.55      284.32      0.9300     -0.0200     92.9200     36.3100     35.7600    532.9100   2715.6500
  1865       14.72      284.32      0.4200     -0.1800     92.9600     36.7800     35.6000    532.8700   2715.2200
  1866       15.06      284.32      1.0400      0.0200     93.1400     36.7100     36.0500    532.3000   2714.8900
  1867       14.88      284.32      0.6100      0.0900     92.9500     36.6300     35.6000    531.9700   2714.5400
  1868       14.56      284.32      0.0200     -0.0500     94.5000     38.1900     36.7700    532.2100   2713.9400
  1869       14.76      284.32     -0.1600     -0.1500     94.5700     37.5100     36.1100    533.0100   2713.3600
  1870       14.91      284.32      0.5800     -0.0200     94.4100     36.8300     35.9400    532.7100   2713.3400
  1871       14.90      284.32      0.9000     -0.0900     92.9300     36.5700     35.8600    532.0200   2713.4900
  1872       14.91      284.32      0.1900      0.0000     94.4600     37.2300     36.0400    531.6500   2713.1500
  1873       14.97      284.32      0.9800     -0.0400     92.4700     35.8800     35.2200    531.0900   2713.2200
  1874       15.03      284.32      0.7200     -0.1000     91.9700     36.5300     35.8500    530.3400   2713.0200
  1875       15.03      284.32      0.2200     -0.0800     93.6300     37.3300     36.0400    530.6300   2712.2600
  1876       14.77      284.32      0.0300     -0.1500     95.0200     38.2300     36.8400    531.3800   2711.4800
  1877       14.78      284.32     -0.1200     -0.0100     95.9900     38.1700     36.5400    532.0600   2710.8500
  1878       14.77      284.32     -0.0100     -0.0200     95.8000     37.7900     36.2500    532.1400   2710.8200
  1879       14.87      284.32      0.3700     -0.0200     94.4500     37.4800     36.4100    532.1700   2710.7100
  1880       15.01      284.32      0.8900      0.0600     93.7600     36.5100     35.9200    531.6000   2710.7000
  1881       15.15      284.32      0.8000     -0.0100     93.3600     36.3700     35.5900    530.7200   2710.7200
  1882       15.22      284.32      1.4400      0.0400     93.0600     36.7600     36.7200    530.0600   2710.1200
  1883       14.94      284.32     -0.1100      0.0200     94.6100     38.0500     36.5100    530.2200   2709.2400
  1884       14.93      284.32      0.1900     -0.0600     95.1300     37.8100     36.3900    530.9300   2708.7300
  1885       15.18      284.32      0.7000      0.0500     94.2100     37.1300     36.5100    530.6900   2708.4600
  1886       15.07      284.32      0.1300     -0.0000     94.9500     37.6200     36.4900    530.9900   2707.7500
  1887       15.02      284.32      1.0000     -0.1600     93.3900     36.3900     35.8700    530.4200   2707.8700
  1888       15.27      284.32      0.5900     -0.0200     94.0600     37.1400     36.3400    529.9700   2707.3600
  1889       15.22      284.32      0.2400      0.1100     93.2500     36.8900     35.6100    529.8000   2707.1600
  1890       15.07      284.32      0.6400      0.0700     93.0500     36.9100     35.9500    529.4700   2707.1900
  1891       15.01      284.32      0.2700      0.0300     93.1600     37.3300     36.1300    529.2600   2706.7900
  1892       15.08      284.32      0.2700     -0.0300     94.1300     37.2200     35.9200    529.4600   2706.5400
  1893       15.23      284.32      1.1200      0.1100     92.9700     36.1200     35.6700    528.7300   2706.4200
  1894       15.38      284.32      1.0400      0.1400     91.7700     36.0000     35.2700    527.5700   2706.5000
  1895       15.36      284.32      1.0100      0.0700     92.9600     36.6300     35.9500    527.0000   2706.0700
  1896       15.40      284.32      1.0700      0.0900     92.8900     36.7200     36.2300    526.8100   2705.3900
  1897       15.44      284.32      1.0200     -0.1000     92.1000     36.3300     36.0000    526.5800   2704.5900
  1898       15.58      284.32      0.5400      0.1200     94.4800     37.5100     36.7100    526.6500   2703.4400
  1899       15.24      284.32     -0.1500      0.0700     95.2000     38.5000     36.5800    527.6400   2702.5400
  1900       15.37      284.32      0.7200     -0.0300     94.0600     36.8300     36.0400    527.3600   2702.5600
  1901       15.54      284.32      1.0300      0.0700     93.1700     36.5900     36.0600    526.6500   2702.2400
  1902       15.39      284.32      0.8400     -0.0400     92.5100     36.5900     35.8200    525.9800   2702.0300
  1903       15.64      284.32      0.7300      0.0000     93.7600     37.1000     36.2400    525.8900   2701.4800
  1904       15.57      284.32      1.0400      0.0100     94.7100     37.3200     36.8700    525.5700   2700.6700
  1905       15.29      284.32     -0.1900      0.0400     94.9200     38.0000     36.1500    526.0100   2699.8900
  1906       15.51      284.32      1.3000      0.0200     92.8900     36.2200     35.8700    525.7800   2699.8800
  1907       15.68      284.32      1.3800      0.0300     91.4600     35.9600     35.8000    524.3000   2699.7500
  1908       15.73      284.32      0.9900      0.0200     92.8500     36.6200     35.9600    523.8400   2699.0800
  1909       15.49      284.32      0.6400     -0.1000     92.6200     36.6600     35.7800    523.5400   2698.6200
  1910       15.61      284.32      0.4700     -0.0300     93.0400     36.7200     35.6400    523.2600   2698.3300
  1911       15.73      284.32      1.1400      0.0900     93.6400     36.7900     36.3800    523.2000   2697.5800
  1912       15.56      284.32      0.5800      0.0600     94.1900     37.6000     36.4100    523.0100   2696.8600
  1913       15.60      284.32      0.4800     -0.0000     93.5400     36.8000     35.6100    522.6200   2696.6700
  1914       15.80      284.32      1.2500     -0.0100     94.1100     36.3700     35.9100    522.1600   2696.5300
  1915       15.82      284.32      1.6000      0.0900     92.3700     36.3500     36.3600    520.8800   2696.0700
  1916       15.51      284.32      0.2500      0.0700     93.0600     37.2700     36.0300    521.0600   2695.1400
  1917       15.79      284.32      0.9600     -0.0700     92.4800     36.1600     35.4100    520.7600   2694.9700
  1918       16.00      284.32      1.7700      0.1500     92.8000     36.5400     36.6500    520.0100   2694.2200
  1919       15.74      284.32      0.6600      0.0500     93.9500     37.3900     36.3000    519.8800   2693.1800
  1920       15.82      284.32      0.6900     -0.0700     94.0100     37.2200     36.4900    520.1000   2692.3500
  1921       16.03      284.32      1.1700      0.0900     92.7600     36.5900     36.2100    519.5600   2691.7500
  1922       15.81      284.32      0.7400      0.1200     92.8100     36.6300     35.8000    519.2400   2691.2400
  1923       15.85      284.32      1.3000      0.0000     92.3000     35.9900     35.7000    518.7100   2690.9600
  1924       15.80      284.32      1.2300      0.1200     91.5500     35.9900     35.6500    517.4000   2690.6500
  1925       15.76      284.32      0.7000      0.0500     92.3200     36.6700     35.7700    517.1300   2690.0700
  1926       15.87      284.32      1.3100      0.0300     92.2200     36.0300     35.9600    517.0900   2689.2600
  1927       15.96      284.32      0.6400      0.1000     92.7900     36.8200     35.8400    516.5700   2688.4500
  1928       16.00      284.32      0.6900      0.0700     92.6600     36.1800     35.4300    516.7700   2687.9100
  1929       16.14      284.32      1.3000      0.1500     91.9000     36.0000     35.9800    516.3400   2687.2600
  1930       16.23      284.32      1.6000      0.0500     91.0800     35.7000     35.5100    515.4600   2686.8400
  1931       16.32      284.32      1.7900      0.1600     89.8300     35.2700     35.4000    514.0800   2686.4100
  1932       16.16      284.32      0.6800      0.1100     91.6500     36.3900     35.4600    513.5300   2685.5400
  1933       16.22      284.32      1.6300     -0.0600     91.0000     35.4300     35.2400    513.1800   2685.0900
  1934       16.19      284.32      1.3200     -0.0400     90.9000     36.2000     36.1000    512.0400   2684.4000
  1935       16.02      284.32      0.8900      0.0000     92.1800     36.5400     35.5900    512.1100   2683.5300
  1936       16.14      284.32      1.1600      0.0100     92.3700     35.9800     35.6100    511.5100   2683.1300
  1937       16.41      284.32      2.4400      0.0900     88.6200     34.3300     34.9100    510.1400   2682.5700
  1938       16.28      284.32      1.9000      0.0400     88.7200     35.1300     35.4400    508.1900   2682.1400
  1939       16.20      284.32      0.7000      0.0200     91.1500     36.1200     35.0200    508.2300   2681.0600
  1940       16.30      284.32      1.5500      0.0900     90.9400     35.3900     35.2700    507.5400   2680.5800
  1941       16.45      284.32      2.0900      0.0700     89.6100     35.0400     35.0500    506.3800   2679.9800
  1942       16.49      284.32      1.8500      0.0500     91.2500     36.5100     36.8000    505.7700   2678.3100
  1943       16.02      284.32      0.3000     -0.0200     93.2700     37.7200     36.5100    506.6100   2676.5000
  1944       16.07      284.32      0.1000      0.0500     95.6600     38.0700     36.4700    507.8500   2675.3500
  1945       16.45      284.32      1.8200      0.1200     92.4000     35.6000     35.5800    507.2100   2675.0300
  1946       16.78      284.32      2.3900      0.2200     90.8600     35.4000     36.1700    505.4200   2674.4900
  1947       16.52      284.32      1.2600      0.1500     91.3500     36.3800     36.0700    504.9000   2673.1400
  1948       16.51      284.32      1.2800      0.1100     90.8500     36.0500     35.7100    504.6900   2672.0200
  1949       16.66      284.32      1.1800      0.0800     91.9900     36.4500     36.1300    504.5200   2671.1300
  1950       16.84      284.32      1.6200      0.2000     90.1100     35.4700     35.2700    504.0400   2670.1800
  1951       16.50      284.32      1.4600      0.1700     92.0300     36.1900     36.0800    503.0800   2669.5400
  1952       16.42      284.32      0.9100     -0.0900     92.1400     36.5400     35.8600    503.0300   2668.4800
  1953       16.69      284.32      2.0300      0.0200     91.3200     35.6000     36.0000    502.8100   2667.3700
  1954       16.83      284.32      2.2200      0.1200     89.6900     35.2600     35.5700    501.1500   2666.5800
  1955       16.50      284.32      0.7700      0.1300     92.6000     36.9100     35.9600    501.0800   2665.3300
  1956       16.49      284.32      0.4400     -0.0400     92.6600     36.4100     35.3600    501.1500   2664.5700
  1957       16.75      284.32      2.2200      0.1500     90.9200     35.4900     36.2300    500.3900   2663.9900
  1958       16.53      284.32      1.0700      0.0500     90.1700     35.6100     35.2000    499.6200   2663.0500
  1959       16.72      284.32      1.6800     -0.0500     89.6000     34.6500     34.6200    498.7700   2662.8200
  1960       17.02      284.32      2.1300      0.1500     89.1200     35.0300     35.6000    497.2900   2662.0900
  1961       16.69      284.32      0.6000      0.1800     90.8000     36.1300     35.1500    497.1600   2660.7400
  1962       16.60      284.32      1.1700     -0.0200     91.5400     35.8200     35.2400    497.3300   2659.9500
  1963       16.86      284.32      1.5900      0.1000     91.0300     35.2200     35.2900    496.6100   2659.4000
  1964       16.90      284.32      1.6400      0.1900     91.3700     35.9900     36.2100    495.9200   2658.2000
  1965       16.60      284.32      1.0800      0.1200     91.7300     36.0100     35.5900    495.8500   2657.0000
  1966       16.69      284.32      0.9900      0.0300     91.9800     35.9700     35.4300    495.8600   2656.1000
  1967       17.09      284.32      2.0500      0.1800     90.3700     35.2000     35.5200    495.0600   2655.1800
  1968       17.01      284.32      1.4600      0.2300     90.1200     35.6000     35.8000    494.3500   2653.9700
  1969       17.14      284.32      1.6200      0.1500     90.3800     35.3600     35.3000    494.0700   2652.9700
  1970       17.10      284.32      1.7600      0.0800     89.8000     35.1700     35.3500    493.2100   2652.0100
  1971       17.13      284.32      1.6500      0.1500     89.5800     35.2600     35.0500    492.4000   2651.2600
  1972       16.95      284.32      1.4800      0.1200     90.1900     35.4200     35.3800    491.7100   2650.2400
  1973       16.98      284.32      1.5900      0.0400     90.1500     35.3400     35.3400    491.4100   2649.1400
  1974       17.02      284.32      1.7800      0.0800     89.4300     34.7700     34.9200    490.6700   2648.1800
  1975       17.08      284.32      1.5000      0.1200     89.0500     34.8500     34.9100    489.6800   2647.4700
  1976       17.34      284.32      2.0100      0.1900     88.4700     34.6000     34.8100    489.1300   2646.3300
  1977       17.25      284.32      1.7700      0.1300     87.2400     34.0600     34.0400    487.8100   2645.6700
  1978       17.54      284.32      3.4400      0.1700     85.9000     33.0700     34.5600    485.8700   2645.2300
  1979       17.49      284.32      2.0600      0.2700     88.9800     35.9900     36.4600    484.8500   2643.0200
  1980       17.13      284.32      0.6400      0.1700     91.9400     36.8800     35.9600    485.9800   2640.7100
  1981       17.18      284.32      1.6200      0.0800     90.6300     35.2700     35.3700    485.9500   2639.8200
  1982       17.57      284.32      2.4300      0.1900     90.3500     34.9300     35.9500    484.9300   2638.5300
  1983       17.29      284.32      1.3000      0.2300     90.7800     35.9300     35.6400    484.5200   2637.1200
  1984       17.39      284.32      1.8100      0.2100     89.8000     34.9600     35.0200    484.1300   2636.1900
  1985       17.70      284.32      2.3400      0.1900     88.5400     34.5400     35.4200    482.8800   2635.2000
  1986       17.93      284.32      2.9000      0.1500     85.7600     33.8200     34.9300    481.7600   2633.6200
  1987       17.75      284.32      2.6300      0.2800     87.1800     34.7000     35.5300    480.3300   2632.1600
  1988       17.67      284.32      2.0400      0.1400     87.4500     34.5000     34.5100    479.8100   2630.4100
  1989       17.94      284.32      3.0300      0.1400     88.1600     34.4800     35.6900    478.7800   2629.0400
