  YEAR          ST         CO2 LA_CO2_FLUX OA_CO2_FLUX         GPP         NPP      HETRES       CLIVE       CDEAD
  1850     13.8435    284.7000      0.0803     -0.0229     98.0462     39.2433     37.2659    548.4357   1511.6040
  1851     13.7776    287.5470      0.1534      0.2653     96.7178     38.7646     36.8341    548.4244   1511.8051
  1852     13.8148    290.4225      0.7708      0.5368     97.6725     38.9248     36.4675    548.3396   1512.3595
  1853     13.8843    293.3267     -0.0605      0.8252     97.5330     39.1103     37.1777    548.2578   1512.7473
  1854     13.9538    296.2600      0.2903      1.1770     97.4622     38.8443     36.7446    548.4495   1512.7856
  1855     13.9451    299.2226      0.7892      1.3668     98.3239     39.3168     36.7581    548.8534   1512.9745
  1856     13.8298    302.2148      1.7670      1.5838    101.7948     41.0925     37.4557    549.8145   1512.9804
  1857     13.7770    305.2369      1.5218      1.6569    100.7099     40.2452     37.0861    551.1985   1513.3450
  1858     13.9095    308.2893      0.7968      1.6884    100.0341     39.5082     36.7812    551.7358   1514.2341
  1859     13.8354    311.3722      1.3362      1.8753    100.7000     40.2648     37.2254    552.3616   1514.5610
  1860     13.9689    314.4859      1.7210      2.0668    100.8653     40.1382     36.7526    553.6594   1514.8587
  1861     13.9740    317.6308      1.7064      2.2394    103.6410     41.5680     37.9790    555.0622   1515.1095
  1862     13.8297    320.8071      1.4651      2.3621    102.0828     40.8426     37.2352    556.3803   1515.4893
  1863     13.9612    324.0152      1.8425      2.5541    102.6281     40.5713     37.1306    557.5277   1516.1668
  1864     13.9988    327.2553      2.2175      2.4993    103.6514     41.6166     37.8225    558.7094   1516.6690
  1865     13.7600    330.5279      3.1007      2.5126    107.4282     43.2697     38.2732    561.5683   1516.5928
  1866     13.8496    333.8331      2.9934      2.4351    107.5888     42.7241     38.0171    564.1161   1517.1505
  1867     13.9610    337.1715      1.7931      2.5047    106.1062     41.5401     37.7283    565.5555   1518.3226
  1868     13.9377    340.5432      3.1864      2.6374    107.5034     43.1596     38.4360    567.2875   1518.8052
  1869     13.8240    343.9486      2.8493      2.7915    108.4310     42.9550     37.9771    569.5432   1519.6338
  1870     13.9268    347.3881      2.1328      2.8313    106.0760     41.7540     37.9648    571.0047   1520.7645
  1871     14.0827    350.8620      3.8140      2.8377    110.7250     44.4523     39.0207    573.4764   1521.1026
  1872     13.9298    354.3706      3.8513      2.8823    110.9868     44.6189     38.9811    577.1948   1521.2879
  1873     13.9800    357.9143      2.4536      3.0300    109.6518     43.1446     38.5036    579.7172   1522.2196
  1874     14.1288    361.4935      3.2010      3.0338    111.0549     43.9771     39.1348    581.5667   1523.1410
  1875     14.1538    365.1084      3.2885      3.2585    110.7958     43.5455     38.2098    583.8186   1524.3583
  1876     14.0233    368.7595      3.8643      3.3525    113.3727     45.2074     39.6069    586.1255   1525.3052
  1877     13.9911    372.4471      4.2666      3.3602    114.6160     45.3332     39.3701    589.7822   1525.9356
  1878     14.1525    376.1715      3.4746      3.4460    114.0682     44.9727     39.4547    592.5028   1527.1141
  1879     14.0992    379.9333      3.6227      3.5451    114.8301     45.8078     40.1383    595.2456   1528.0525
  1880     13.9285    383.7326      4.0686      3.5275    116.1849     46.4635     40.4168    598.4080   1528.6304
  1881     14.0190    387.5699      4.0547      3.5516    117.0268     45.9939     40.0468    601.7478   1529.4669
  1882     14.0223    391.4456      4.7616      3.4737    118.4989     47.0899     40.6698    604.9505   1530.5083
  1883     13.7101    395.3601      4.6178      3.5103    118.9353     47.2410     40.3837    608.5669   1531.6798
  1884     13.7855    399.3137      4.3148      3.5106    118.8719     47.1863     40.4670    611.4258   1533.2436
  1885     14.0454    403.3068      4.1817      3.5155    119.6914     47.2350     41.0001    614.5865   1534.5114
  1886     13.8921    407.3399      4.5851      3.6186    119.1939     47.0071     40.6736    617.4031   1535.8470
  1887     14.0168    411.4133      4.0915      3.8816    119.2836     46.3779     40.2280    620.5701   1537.3439
  1888     14.1603    415.5274      4.2158      3.8903    119.6725     46.9270     40.6980    622.6289   1539.2086
  1889     14.1052    419.6827      4.4138      3.9290    120.0519     47.3069     40.8826    625.8618   1540.3375
  1890     14.1812    423.8795      3.9079      4.1125    119.7936     47.0979     41.0010    628.6333   1541.6275
  1891     14.1911    428.1183      4.9371      4.0457    121.8073     48.3061     41.6585    632.3145   1542.5406
  1892     13.9470    432.3995      5.6762      3.9461    125.5479     50.1253     42.2801    637.0028   1543.2161
  1893     13.9217    436.7235      4.9442      3.8669    123.4926     48.3683     41.4837    640.9367   1544.6867
  1894     14.2597    441.0907      4.2344      4.1104    122.1215     47.7117     41.3857    643.3991   1546.8222
  1895     14.2332    445.5016      4.6000      4.1151    124.4311     49.8330     43.0577    646.6564   1547.8278
  1896     13.9455    449.9566      6.0791      4.0758    127.6446     51.1150     42.9600    651.5193   1548.2425
  1897     13.9198    454.4562      5.6494      4.0597    127.4534     50.1734     42.5199    656.2264   1549.7251
  1898     14.2563    459.0008      4.8942      3.9471    126.2611     49.4108     42.2877    659.3691   1551.7905
  1899     14.1554    463.5908      5.6086      4.2113    127.5592     50.8047     43.2887    662.7124   1553.5908
  1900     14.1070    468.2267      5.6836      4.3206    128.9508     50.9471     42.8022    667.2903   1554.7653
  1901     14.0659    472.9089      4.1671      4.3442    126.2696     49.1513     42.3622    670.0265   1557.0886
  1902     14.1196    477.6380      5.2179      4.3373    127.0081     50.2680     43.0741    672.9312   1558.6472
  1903     14.2029    482.4144      5.6902      4.5886    129.2214     51.0255     43.1918    677.3794   1559.9256
  1904     14.1525    487.2386      6.1784      4.5698    130.9323     51.4194     43.2767    681.0842   1561.8740
  1905     14.2380    492.1109      4.8608      4.6277    130.0533     51.0093     43.5919    684.9051   1563.8648
  1906     14.2558    497.0321      5.6658      4.4276    132.1923     52.3764     44.4868    688.7311   1565.1656
  1907     14.1505    502.0024      6.0315      4.4716    132.6836     52.6976     44.3339    693.3095   1566.5324
  1908     14.1027    507.0224      5.1539      4.4599    132.0711     51.9097     44.1965    697.0082   1568.6010
  1909     14.1180    512.0926      5.6364      4.5425    132.1375     51.9859     44.2645    700.1550   1570.5687
  1910     14.1708    517.2136      5.8152      4.6326    133.3422     52.7808     44.8947    704.4233   1572.0874
  1911     14.2695    522.3857      5.4753      4.7465    133.1075     52.3652     44.6821    708.6094   1573.7015
  1912     14.2652    527.6095      6.4542      4.8814    135.3366     53.9923     45.7398    712.8733   1575.2519
  1913     13.9471    532.8856      6.5546      4.6891    136.4889     54.2624     45.3181    718.1044   1576.5473
  1914     14.0036    538.2145      6.8181      4.5375    139.3389     55.0416     46.0678    722.8662   1578.5316
  1915     14.0680    543.5966      5.9274      4.5818    137.5175     54.0020     45.7375    727.6264   1580.4251
  1916     14.0557    549.0326      5.6071      4.7451    135.8715     53.1464     45.0695    730.9232   1582.9733
  1917     13.9079    554.5229      6.3632      4.8000    138.8097     55.0187     46.4978    734.4309   1585.0399
  1918     13.8736    560.0682      7.5855      4.7076    140.5198     55.6209     46.1896    739.8832   1586.5989
  1919     14.0604    565.6688      5.0617      4.6467    136.4436     53.1633     45.7550    743.5195   1589.4555
  1920     14.1602    571.3255      6.2186      4.7159    139.0212     55.2588     46.8347    747.0763   1591.3883
  1921     14.0631    577.0388      7.0367      4.7467    142.0899     56.7397     47.6003    752.7273   1592.4013
  1922     14.0637    582.8092      6.2265      4.7370    140.5550     55.0973     46.5611    757.8539   1594.3342
  1923     14.2147    588.6373      6.1254      4.7230    139.9804     55.0730     46.6786    760.7886   1597.2831
  1924     14.4002    594.5236      5.8616      5.0081    142.0846     56.2234     47.8931    764.9167   1599.2918
  1925     14.3411    600.4689      6.7019      4.9603    143.9703     57.1836     48.1887    769.7921   1600.5958
  1926     14.2217    606.4736      6.7025      4.9825    143.1700     56.3929     47.4095    773.9669   1603.0315
  1927     14.1005    612.5383      6.8148      4.9035    144.1704     56.8990     47.9860    778.4552   1605.4312
  1928     14.2340    618.6637      6.2235      4.7928    144.9565     57.4036     48.7301    782.7803   1607.4927
  1929     14.0856    624.8503      7.2942      4.8045    146.0473     57.9414     48.8325    788.1688   1609.0462
  1930     14.1741    631.0988      5.9350      4.9898    146.3644     57.4826     49.2526    792.5860   1611.4250
  1931     14.1311    637.4098      6.6776      4.9748    146.6300     58.3646     49.7414    796.8423   1613.0837
  1932     14.0333    643.7839      7.4610      4.7965    149.0550     59.5088     49.6862    802.7032   1614.6227
  1933     14.0476    650.2217      6.9337      4.7228    148.7863     58.9082     49.7491    807.5267   1616.7516
  1934     14.1918    656.7240      6.3459      4.8630    147.6204     57.7798     48.8280    811.5781   1619.4982
  1935     14.2714    663.2912      6.0981      4.9965    148.6720     58.9707     50.0856    815.3355   1621.9996
  1936     14.1699    669.9241      6.8167      5.0828    149.3680     59.0046     50.0290    820.0161   1623.9191
  1937     14.2328    676.6234      6.7605      5.0909    149.9600     59.7839     50.7962    824.6659   1625.9773
  1938     14.0745    683.3896      7.1022      5.0343    151.6491     60.0561     50.5199    829.5854   1628.0538
  1939     14.0237    690.2235      7.0594      5.0042    151.2626     59.7298     50.3389    834.0325   1630.5970
  1940     14.0796    697.1257      7.1074      4.8696    152.0630     60.3889     51.1963    838.5406   1632.9539
  1941     14.3246    704.0970      6.4311      5.0113    152.2391     60.2481     51.5569    843.9265   1634.7357
  1942     14.3788    711.1379      7.0166      5.1872    152.6822     60.6667     51.1430    848.3165   1637.0212
  1943     14.1456    718.2493      7.2791      5.2862    154.0249     60.8572     51.3142    852.7266   1639.6574
  1944     14.3151    725.4318      6.3688      5.1695    152.7085     60.0739     51.1378    856.5043   1642.6044
  1945     14.1406    732.6861      7.4432      5.3733    154.8478     61.4126     51.8738    861.2986   1644.7924
  1946     14.2083    740.0130      7.7522      5.2257    158.0181     62.8545     52.8557    866.8752   1646.9052
  1947     14.2541    747.4131      6.1344      5.2518    154.2764     60.9585     52.4483    871.8092   1649.2008
  1948     14.4092    754.8873      6.8382      5.1289    155.3199     61.4814     52.5803    875.6327   1651.7285
  1949     14.2331    762.4361      7.6485      5.3333    158.1662     63.2394     53.2639    880.7851   1653.6646
  1950     13.9934    770.0605      7.4912      5.1761    157.8330     62.8948     53.0790    885.9810   1656.0161
  1951     14.0693    777.7611      7.1345      5.0605    157.4641     62.2379     52.7803    890.6997   1658.7583
  1952     14.2437    785.5387      7.3002      4.9871    159.3080     62.9601     53.4487    895.1374   1661.4679
  1953     14.2759    793.3941      6.2484      5.3219    157.9081     62.3327     53.3279    899.1643   1664.2497
  1954     14.2722    801.3280      6.1149      5.1718    157.7900     62.8458     54.1595    902.8265   1666.6917
  1955     14.0726    809.3413      8.1466      5.3229    161.6849     65.0823     54.8276    908.3806   1668.2921
  1956     14.0853    817.4347      6.9028      5.1433    159.4120     63.4614     54.1931    913.8156   1670.4335
  1957     14.1365    825.6091      7.1466      5.4111    161.2015     63.9598     54.5197    918.4614   1672.9674
  1958     14.2354    833.8652      7.1086      5.4196    160.5105     63.7720     54.6024    923.1506   1675.4321
  1959     14.3585    842.2038      6.7982      5.3422    161.6144     64.3624     54.7893    927.8846   1677.7504
  1960     14.1525    850.6259      6.2167      5.4127    159.8724     63.5193     54.4882    931.7063   1680.4017
  1961     14.1760    859.1321      7.4912      5.3045    161.5414     64.5855     55.0478    935.6749   1683.0777
  1962     14.3177    867.7234      8.0317      5.3576    163.8685     65.4392     55.3370    941.3441   1685.1247
  1963     14.1779    876.4007      7.0996      5.3212    163.4294     65.2497     55.7758    946.3275   1687.7302
  1964     14.2042    885.1647      6.7837      5.3847    164.1719     64.9565     55.6763    951.1558   1690.1993
  1965     14.2136    894.0163      7.0648      5.3009    164.7282     65.9885     56.4503    955.0406   1692.8030
  1966     14.0687    902.9565      7.4934      5.4371    165.0266     66.5714     56.8621    960.4627   1694.7087
  1967     14.0828    911.9861      7.3808      5.5194    166.4073     66.4078     56.9467    966.0221   1696.6896
  1968     14.1171    921.1059      7.3610      5.5130    166.3069     66.6006     57.1585    970.8590   1699.1719
  1969     14.1088    930.3170      6.7754      5.4406    164.8758     65.8814     56.5364    975.4570   1701.5797
  1970     14.1907    939.6201      6.8641      5.5189    167.0766     67.0157     57.5964    980.2611   1703.9365
  1971     14.1702    949.0164      7.2332      5.4794    167.3577     67.1504     57.6304    985.2320   1705.9980
  1972     14.0802    958.5065      6.9258      5.4945    167.6003     67.1448     57.8574    989.7694   1708.5230
  1973     14.0937    968.0916      7.6672      5.3501    168.4145     67.8241     58.1365    994.6101   1710.7902
  1974     14.0691    977.7725      7.4424      5.3132    169.1569     67.8021     58.1004   1000.0753   1713.0193
  1975     14.1960    987.5502      7.0778      5.2761    168.9934     67.6477     58.4429   1004.5606   1715.8055
  1976     14.2401    997.4257      7.1343      5.3817    168.6926     67.3402     58.0610   1008.6706   1718.9600
  1977     14.0300   1007.4000      7.3210      5.5382    171.1843     69.0917     59.2860   1013.4541   1721.1542
  1978     14.0969   1017.4740      7.0495      5.3987    172.2673     69.4031     60.0141   1018.6862   1723.2476
  1979     14.1433   1027.6487      7.8070      5.3419    172.8779     69.6148     59.7088   1024.3621   1724.9931
  1980     14.2067   1037.9252      7.0295      5.6000    171.8014     68.9501     59.7140   1029.2926   1727.6783
  1981     14.2047   1048.3045      6.7329      5.5100    173.6472     70.0118     60.8414   1033.8045   1729.8949
  1982     14.1206   1058.7875      6.9225      5.5917    172.3887     69.2976     60.0284   1038.5098   1732.0462
  1983     14.2124   1069.3754      7.5585      5.5672    174.3052     69.9873     60.2058   1043.1517   1734.7100
  1984     14.2423   1080.0691      6.4734      5.5262    173.7391     69.8989     61.0724   1047.8515   1737.1226
  1985     14.1915   1090.8698      7.5456      5.4487    175.3632     71.1899     61.7825   1052.6787   1739.1118
  1986     14.1813   1101.7785      6.8676      5.5392    175.2833     71.1528     61.7968   1058.1781   1740.7965
  1987     14.2600   1112.7963      7.1027      5.5246    174.7414     70.2931     61.0724   1063.2562   1742.9178
  1988     14.3658   1123.9243      7.4966      5.7226    176.5548     71.4642     61.7452   1067.9858   1745.3835
  1989     14.3876   1135.1635      7.5965      5.5290    178.3817     71.7847     62.0207   1072.9517   1747.9491
  1990     14.3189   1146.5151      6.6306      5.7097    177.9663     72.0893     63.1409   1077.7672   1750.3735
  1991     14.1796   1157.9803      7.3792      5.3831    178.6979     72.7142     62.8379   1082.8823   1752.2646
  1992     14.1970   1169.5601      6.0054      5.5638    176.2090     71.1578     62.4812   1087.1629   1754.6693
  1993     14.2144   1181.2557      8.4588      5.4910    180.6734     73.9343     63.5626   1092.5339   1756.4147
  1994     14.2767   1193.0683      6.3049      5.7514    179.5439     72.2562     63.6757   1097.6736   1758.8825
  1995     14.4315   1204.9989      6.2059      5.7515    178.8779     72.7409     63.9160   1101.7398   1761.0434
  1996     14.1766   1217.0489      8.6626      5.5161    183.0424     75.1453     64.8292   1107.4971   1762.5639
  1997     14.3364   1229.2194      6.5629      5.6495    181.2790     72.8459     63.7126   1112.5344   1765.4215
  1998     14.4626   1241.5116      6.8265      5.6436    183.2866     74.4848     65.6070   1116.8762   1767.7127
  1999     14.1162   1253.9267      7.1641      5.4676    182.6349     74.3615     65.0775   1122.3278   1769.3234
