  YEAR          ST         CO2 LA_CO2_FLUX OA_CO2_FLUX         GPP         NPP      HETRES       CLIVE       CDEAD
  1850     13.7501    284.7000      0.1240     -0.2414     96.8336     38.8512     36.9703    548.3543   1511.6309
  1851     13.8714    287.5470      0.0562      0.2677     97.0669     38.8694     36.7939    548.4871   1511.7602
  1852     13.8798    290.4225      0.4478      0.5520     97.4117     39.1592     37.1685    548.4770   1511.8383
  1853     13.7760    293.3267      1.4860      0.8268     98.8593     39.9247     36.7145    549.3331   1512.0564
  1854     13.8004    296.2600      1.3557      0.9538     99.9576     39.9266     37.1621    550.3402   1512.4532
  1855     13.9360    299.2226      0.5442      1.0255     98.8487     39.1493     36.8499    550.9327   1513.0652
  1856     13.9446    302.2148      0.9216      1.3649     99.8962     39.9379     37.2023    551.0850   1513.5022
  1857     14.1831    305.2369      0.4976      1.6178    100.6503     40.2051     37.8257    551.7483   1513.5553
  1858     14.2077    308.2893      1.0014      1.7016    100.8916     40.1732     37.3128    552.5409   1513.5912
  1859     14.2471    311.3722      0.6832      1.9259    101.1559     40.0826     37.4593    553.0174   1514.0786
  1860     14.2349    314.4859      1.2218      2.0676    101.8212     41.1670     38.0587    553.5554   1514.1523
  1861     14.0828    317.6308      2.4041      2.2140    104.1411     41.8570     37.9016    555.5991   1514.1016
  1862     14.1345    320.8071      2.1559      2.2356    104.3315     41.4065     37.6748    557.6884   1514.3157
  1863     14.3116    324.0152      1.4135      2.3857    102.6366     40.3204     37.1442    558.9520   1515.1974
  1864     14.3048    327.2553      1.9554      2.3918    104.9272     42.1491     38.3134    559.7635   1515.6437
  1865     14.1728    330.5279      1.9460      2.4210    105.1626     42.1926     37.9877    561.7260   1515.8810
  1866     14.3354    333.8331      1.6684      2.4855    104.4737     41.4888     37.6648    562.9920   1516.5827
  1867     14.2886    337.1715      2.1467      2.5279    105.4461     41.9220     37.9714    563.9960   1517.2813
  1868     14.1458    340.5432      2.9245      2.6598    109.8213     43.9706     39.1973    566.3637   1517.4003
  1869     14.3744    343.9486      2.7270      2.5698    109.1504     43.2816     38.6954    569.2399   1517.6202
  1870     14.4325    347.3881      2.8424      2.6813    110.6258     43.9678     39.0806    571.4970   1518.0809
  1871     14.5349    350.8620      2.7201      2.7995    110.6811     43.6176     38.8774    573.7970   1518.7495
  1872     14.7019    354.3706      1.9341      3.0299    108.5770     42.8513     38.6502    575.4176   1519.7185
  1873     14.6996    357.9143      2.5824      3.2625    109.5949     43.8146     39.2832    576.4760   1520.5356
  1874     14.3746    361.4935      3.3800      3.0897    112.2372     45.1405     39.3103    579.5110   1520.7408
  1875     14.5557    365.1084      2.9630      3.1422    113.6094     45.0169     40.0268    582.0876   1521.3917
  1876     14.5481    368.7595      2.9565      3.0401    112.3337     44.6169     39.7933    583.9079   1522.1133
  1877     14.3908    372.4471      3.5512      3.2757    115.1464     45.9434     40.2276    587.3214   1522.3385
  1878     14.4401    376.1715      4.0723      3.2150    116.3615     46.2330     40.1440    590.5553   1522.8399
  1879     14.7199    379.9333      3.6435      3.2422    115.4166     45.7443     40.2325    593.5328   1523.7814
  1880     14.7811    383.7326      3.6558      3.2345    116.8658     46.2734     40.7327    596.7282   1524.4442
  1881     14.7364    387.5699      4.2534      3.3935    118.5840     47.2295     40.6860    599.8716   1525.0981
  1882     14.7953    391.4456      3.7023      3.5070    117.4036     46.4468     40.3389    603.1106   1526.0553
  1883     15.0343    395.3601      3.5449      3.4836    117.9366     46.5413     40.7893    605.6064   1527.1237
  1884     15.0629    399.3137      3.8585      3.5916    119.9422     47.5193     41.6258    608.5716   1527.9322
  1885     14.9756    403.3068      4.1502      3.7544    120.1662     47.7591     41.5281    612.1337   1528.2778
  1886     15.0843    407.3399      3.7831      3.7188    119.7727     47.4881     41.8300    614.9125   1529.5442
  1887     14.9334    411.4133      4.8350      3.7237    123.1420     49.1725     42.1454    618.6312   1530.0913
  1888     14.8129    415.5274      4.3984      3.7218    122.7823     48.5957     41.7606    622.2957   1531.2671
  1889     14.9456    419.6827      3.9948      3.6435    122.0234     47.8960     41.5080    624.8267   1532.8308
  1890     15.4007    423.8795      3.3728      3.7401    121.6695     48.0052     42.0976    627.4497   1534.0718
  1891     15.2621    428.1183      3.9718      3.7969    122.7644     48.9765     42.5897    630.0096   1535.0670
  1892     14.9527    432.3995      5.2236      3.8684    127.2718     51.4070     43.7846    634.4893   1535.1486
  1893     15.0536    436.7235      4.9104      3.8245    126.6510     50.3174     43.2556    639.0047   1535.8578
  1894     15.1657    441.0907      4.5290      3.8711    125.7277     49.0839     42.4852    642.2544   1537.4036
  1895     15.3655    445.5016      3.7934      3.9264    124.2963     48.7247     42.3459    644.7945   1539.0847
  1896     15.2003    449.9566      4.9546      4.0414    125.8871     50.1459     42.9447    647.9345   1540.3563
  1897     15.1501    454.4562      4.9799      3.9982    127.2676     50.5108     43.3426    651.3965   1541.6130
  1898     15.4239    459.0008      4.0662      4.0267    125.5232     49.4337     42.7311    654.9934   1542.8669
  1899     15.4972    463.5908      4.5927      4.2029    127.6625     51.0063     44.1615    657.6773   1544.1884
  1900     15.3461    468.2267      5.9614      4.1776    131.2330     52.6928     44.4214    663.0302   1544.3000
  1901     15.5748    472.9089      4.8140      4.0927    129.0024     50.5670     43.2331    666.9525   1545.9562
  1902     15.6315    477.6380      4.3300      4.2649    129.6521     51.4630     44.6303    669.4723   1547.9219
  1903     15.5057    482.4144      5.5077      4.1981    132.4569     52.5886     44.7601    673.4418   1548.8640
  1904     15.6824    487.2386      4.4691      4.1896    131.4358     51.8957     44.9731    677.2540   1550.0483
  1905     15.6126    492.1109      5.5445      4.3025    132.9952     53.0282     45.2062    681.2623   1551.1125
  1906     15.8083    497.0321      4.5069      4.2612    131.7497     52.5818     45.1084    685.1306   1552.4515
  1907     15.6724    502.0024      5.3753      4.3056    132.6395     52.8053     45.0940    688.7930   1553.5629
  1908     15.6843    507.0224      4.9551      4.4049    133.6269     52.8509     45.3338    692.3063   1555.2332
  1909     15.7707    512.0926      5.3546      4.2894    133.3028     52.6571     44.9616    695.6222   1556.9638
  1910     15.9060    517.2136      5.2789      4.3568    135.1709     53.7989     46.1426    699.7688   1558.3572
  1911     15.9589    522.3857      4.9657      4.5166    136.0484     53.8515     46.2299    704.0289   1559.5790
  1912     15.9217    527.6095      5.5110      4.3817    135.3750     53.7887     45.9947    707.3840   1561.1904
  1913     15.8983    532.8856      5.7712      4.4231    137.2268     54.4078     46.2007    711.0915   1562.8851
  1914     15.9149    538.2145      4.5872      4.5693    136.4991     53.6363     45.8299    714.6552   1565.0142
  1915     15.9407    543.5966      5.4038      4.3108    138.4617     55.6900     48.0800    718.4520   1565.8834
  1916     15.7854    549.0326      5.9155      4.4714    139.9214     56.1891     47.5152    723.7530   1566.3433
  1917     15.8799    554.5229      5.0058      4.3671    139.8486     54.9385     47.0646    727.5688   1568.2970
  1918     16.0726    560.0682      4.5819      4.3617    138.3657     54.9793     47.4391    730.4234   1569.8997
  1919     16.1093    565.6688      5.7146      4.4712    139.4499     55.3702     47.0485    733.8782   1571.4786
  1920     16.1704    571.3255      5.4609      4.4354    141.3059     56.0695     47.7830    738.3217   1572.9802
  1921     16.1127    577.0388      5.7962      4.4127    141.8879     56.3099     48.1017    742.2837   1574.4988
  1922     16.0753    582.8092      6.0204      4.4608    142.2156     56.3223     47.7385    746.8163   1576.0101
  1923     16.1694    588.6373      5.6670      4.4684    142.6372     56.4119     48.1976    750.7782   1577.9423
  1924     16.2446    594.5236      5.5232      4.4268    143.8574     56.9511     48.5202    754.9515   1579.5359
  1925     16.2195    600.4689      5.0673      4.4448    143.2827     57.1045     49.0172    758.2240   1581.2727
  1926     16.3178    606.4736      5.4604      4.5702    144.1042     57.5817     49.2298    762.1829   1582.6659
  1927     16.3356    612.5383      5.8258      4.5697    145.2420     58.3490     49.9926    766.7338   1583.7680
  1928     16.2229    618.6637      6.0700      4.5514    147.1125     58.9530     50.2238    771.7241   1584.8450
  1929     16.3154    624.8503      5.7674      4.4139    147.3286     59.1031     50.7353    776.4104   1585.9982
  1930     16.3632    631.0988      6.0717      4.5110    147.4221     58.4748     49.4889    781.2251   1587.3781
  1931     16.5168    637.4098      5.8201      4.5204    148.3800     59.3370     50.9843    784.9216   1589.3647
  1932     16.3173    643.7839      6.7785      4.4816    150.8476     60.6049     50.8292    790.0072   1590.4913
  1933     16.3128    650.2217      6.0409      4.4211    150.9968     59.9662     51.4014    794.9503   1592.3268
  1934     16.5260    656.7240      5.7707      4.3709    150.3079     60.1412     51.7842    798.9661   1593.9712
  1935     16.5085    663.2912      5.6439      4.5302    150.5397     60.1993     51.7224    803.4279   1595.3036
  1936     16.6601    669.9241      5.4774      4.5184    151.8472     60.3992     51.6838    808.0650   1596.6783
  1937     16.8392    676.6234      5.6152      4.5480    151.9004     60.4303     51.8605    811.2139   1598.6922
  1938     16.8059    683.3896      5.4673      4.5806    150.2720     60.6254     52.2529    815.1393   1600.2883
  1939     16.7545    690.2235      5.8367      4.5385    151.0983     60.3490     51.4950    819.3067   1601.9341
  1940     17.0153    697.1257      6.2237      4.5994    154.2275     62.2930     53.4017    823.9484   1603.2288
  1941     16.9205    704.0970      6.7904      4.7409    155.7639     63.0971     53.4465    829.3993   1604.1726
  1942     16.7554    711.1379      5.9517      4.6853    154.7011     61.5211     52.4857    834.4288   1605.9079
  1943     17.0466    718.2493      5.5234      4.6292    154.6628     61.9027     53.2194    837.9966   1607.9576
  1944     17.0121    725.4318      5.7848      4.6304    155.1056     62.1296     53.3830    841.6291   1609.8967
  1945     16.9843    732.6861      5.9842      4.6360    155.9710     62.3295     53.1885    846.0738   1611.4737
  1946     17.1135    740.0130      6.0820      4.6515    157.0538     63.2254     54.4443    850.1177   1613.3724
  1947     17.0681    747.4131      5.5775      4.6834    156.7272     62.6035     53.4948    854.8278   1614.9321
  1948     17.1330    754.8873      6.2312      4.5393    158.2250     64.2866     55.1900    858.5735   1616.5922
  1949     17.0551    762.4361      5.3825      4.5393    156.7859     62.8041     53.7682    863.4713   1617.9952
  1950     17.1705    770.0605      7.3251      4.6394    160.7905     64.9140     55.0232    867.6200   1619.7604
  1951     17.2313    777.7611      5.3969      4.6546    158.1692     63.1736     54.8063    872.3531   1621.6898
  1952     17.3361    785.5387      6.2362      4.4700    159.9588     64.2207     54.9657    876.3423   1623.4927
  1953     17.3195    793.3941      5.9412      4.5889    161.4218     65.1387     55.9744    880.9911   1624.8328
  1954     17.4473    801.3280      5.3875      4.6497    161.8932     65.4857     56.6736    885.6027   1625.8241
  1955     17.5836    809.3413      6.3712      4.4755    163.8226     66.4317     56.9204    890.3772   1626.9757
  1956     17.5720    817.4347      6.0966      4.5423    164.7075     66.8460     57.4677    896.1120   1627.6023
  1957     17.7189    825.6091      5.7812      4.6601    163.8424     65.5024     56.7656    900.7642   1629.3995
  1958     17.9087    833.8652      5.2119      4.6906    162.3267     66.0891     57.8580    904.1418   1630.9976
  1959     17.7732    842.2038      6.2448      4.6441    165.6850     67.5001     57.9324    909.4763   1631.7032
  1960     17.8519    850.6259      6.4138      4.6416    166.1196     67.7641     58.1033    914.7124   1632.6106
  1961     17.9209    859.1321      5.4532      4.5800    166.0318     67.0802     58.6748    919.3062   1634.1610
  1962     17.9202    867.7234      6.8928      4.6757    168.7011     68.7314     58.7492    924.0440   1635.5039
  1963     18.0180    876.4007      5.5559      4.5903    167.4880     67.6036     58.7238    928.7578   1637.3004
  1964     18.0585    885.1647      5.7975      4.6918    168.7885     68.7932     59.6378    933.2491   1638.2062
  1965     18.0367    894.0163      5.3583      4.7188    167.4687     67.4059     58.5189    937.7054   1639.7463
  1966     18.2078    902.9565      5.5705      4.5668    168.4191     68.8080     59.8552    941.3461   1641.1594
  1967     18.0375    911.9861      6.0596      4.4899    169.0704     69.1541     59.8145    945.9826   1642.3107
  1968     18.0267    921.1059      5.4785      4.7058    169.5195     68.5953     59.2784    950.7046   1643.8901
  1969     18.2639    930.3170      6.0218      4.4776    169.8376     69.6443     60.3772    954.8798   1644.8882
  1970     18.3354    939.6201      5.6522      4.5887    170.8355     69.6984     60.3456    960.0942   1645.7700
  1971     18.2916    949.0164      5.5612      4.6958    170.3252     69.4190     60.8955    964.4285   1647.2819
  1972     18.3675    958.5065      5.0826      4.6847    170.1697     68.9475     60.0286    968.7937   1648.3710
  1973     18.4256    968.0916      6.1850      4.5666    171.7938     70.6555     61.0968    972.5299   1649.9444
  1974     18.4763    977.7725      6.4002      4.5748    174.1999     71.3442     61.5600    978.5543   1650.4443
  1975     18.6267    987.5502      5.7070      4.4307    173.4506     71.2046     62.2126    983.2545   1651.7060
  1976     18.6704    997.4257      5.5442      4.5499    172.8450     71.0826     62.4037    988.0052   1652.6022
  1977     18.6201   1007.4000      5.6910      4.4336    174.2878     71.4506     62.4896    993.1497   1653.3394
  1978     18.6641   1017.4740      5.6198      4.4424    174.4816     71.8785     62.6448    997.3933   1654.4757
  1979     18.5377   1027.6487      5.6689      4.6499    174.8333     71.5209     62.1143   1002.0663   1655.6389
  1980     18.7221   1037.9252      6.0622      4.3656    175.1185     72.1334     62.7947   1006.2192   1657.0377
  1981     18.8282   1048.3045      5.9448      4.5191    175.4178     71.5122     62.2445   1011.2211   1658.4683
  1982     18.8496   1058.7875      6.1444      4.5230    177.8511     73.5899     64.0522   1015.6169   1659.9107
  1983     18.7953   1069.3754      4.4518      4.5965    175.8428     71.6467     62.8512   1019.8888   1661.2345
  1984     18.9963   1080.0691      5.1864      4.4540    176.9390     72.7309     63.8606   1023.2030   1662.5325
  1985     18.9813   1090.8698      5.5760      4.5973    175.8208     72.1873     63.3715   1027.5499   1663.7276
  1986     19.1467   1101.7785      5.4038      4.7485    175.4007     72.5148     63.7432   1031.5131   1665.0532
  1987     19.1810   1112.7963      5.4380      4.4947    176.3144     72.9447     64.0908   1035.9536   1666.1555
  1988     19.2910   1123.9243      4.8388      4.6672    176.7068     72.9676     64.2743   1040.3475   1667.0737
  1989     19.1191   1135.1635      6.0039      4.5676    178.1883     74.0663     64.5747   1044.5678   1667.8102
  1990     19.2828   1146.5151      5.9081      4.4425    180.5130     74.3137     64.9806   1050.2567   1668.4421
  1991     19.4566   1157.9803      5.5505      4.4764    180.2730     74.3000     65.1641   1054.4818   1670.0249
  1992     19.4143   1169.5601      4.4609      4.4525    179.3528     73.7905     65.3809   1058.5815   1671.3034
  1993     19.5371   1181.2557      5.6934      4.3130    181.9723     76.2844     67.1166   1062.6171   1671.8615
  1994     19.5389   1193.0683      5.7480      4.4314    181.6707     75.2249     65.8673   1068.0893   1672.4141
  1995     19.6950   1204.9989      3.7405      4.5958    179.9438     74.1993     65.9823   1072.0687   1673.3394
  1996     19.8175   1217.0489      4.6011      4.3923    178.9167     74.5490     65.8750   1074.9302   1674.4062
  1997     19.9013   1229.2194      4.7539      4.4664    180.4594     74.6028     65.9158   1078.4727   1675.6790
  1998     19.9041   1241.5116      5.7869      4.5186    183.2759     77.1875     68.0530   1083.0153   1675.9414
  1999     19.8579   1253.9267      4.4877      4.5933    181.4147     75.5838     66.9060   1088.1000   1676.6679
