        YEAR          ST         CO2 LA_CO2_FLUX OA_CO2_FLUX         GPP         NPP      HETRES       CLIVE       CDEAD
        1850       14.98      284.62       -0.24        0.15      108.77       57.64       57.89      539.70     1491.00
        1851       15.16      287.47       -1.59        0.59      108.86       57.34       58.93      539.30     1490.29
        1852       14.95      290.34        0.04        0.69      109.07       57.93       57.86      538.94     1489.74
        1853       14.84      293.25        1.27        1.02      110.05       58.80       57.54      539.48     1490.16
        1854       14.96      296.18        1.85        1.30      111.61       59.62       57.76      540.70     1490.56
        1855       15.06      299.14        1.24        1.50      111.23       59.24       58.01      541.91     1490.78
        1856       15.18      302.13        0.66        1.72      111.86       59.37       58.72      542.96     1490.77
        1857       15.14      305.15       -0.21        1.77      110.69       58.56       58.75      543.66     1489.81
        1858       14.93      308.21        2.86        1.89      112.65       60.33       57.46      545.26     1489.85
        1859       14.98      311.29        4.00        2.04      114.01       61.21       57.21      547.48     1491.04
        1860       14.96      314.40        3.27        2.17      114.01       61.03       57.76      549.90     1492.47
        1861       15.05      317.55        3.26        2.25      115.34       61.71       58.46      552.15     1493.53
        1862       15.03      320.72        3.38        2.33      115.31       61.76       58.38      554.42     1494.46
        1863       14.99      323.93        3.47        2.32      115.35       61.74       58.27      556.37     1495.83
        1864       15.05      327.16        3.20        2.41      116.02       62.04       58.83      558.31     1497.40
        1865       15.06      330.44        2.72        2.54      115.79       61.82       59.09      560.18     1498.50
        1866       14.95      333.74        4.52        2.68      117.09       62.99       58.46      562.31     1499.84
        1867       14.96      337.08        4.41        2.82      116.73       62.74       58.33      564.68     1501.84
        1868       15.23      340.45        3.17        2.86      117.81       62.86       59.70      567.26     1503.38
        1869       15.13      343.86        3.46        2.95      119.03       63.76       60.30      569.88     1503.99
        1870       14.97      347.30        4.43        3.02      118.04       63.35       58.90      572.16     1505.40
        1871       14.96      350.77        5.95        3.08      120.27       64.86       58.92      574.91     1507.90
        1872       14.96      354.27        5.91        3.17      120.77       65.05       59.13      577.99     1510.78
        1873       15.10      357.82        5.66        3.13      122.28       65.81       60.14      581.30     1513.43
        1874       15.07      361.40        4.51        3.31      120.37       64.48       59.98      583.67     1515.77
        1875       15.04      365.01        4.95        3.38      121.05       65.05       60.10      585.77     1518.54
        1876       15.09      368.66        4.89        3.53      122.15       65.61       60.70      588.39     1520.92
        1877       15.15      372.35        5.95        3.53      123.86       66.71       60.76      591.81     1523.18
        1878       15.17      376.07        5.80        3.54      124.90       67.09       61.28      595.06     1525.42
        1879       15.33      379.83        3.41        3.72      123.90       65.82       62.42      598.23     1527.29
        1880       15.00      383.63        5.06        3.81      123.28       66.20       61.13      599.92     1529.46
        1881       14.86      387.47        6.34        3.76      124.21       67.05       60.71      602.30     1532.93
        1882       14.92      391.34        8.04        3.85      127.20       69.06       61.00      605.60     1536.80
        1883       14.98      395.25        6.56        3.85      126.86       68.41       61.87      609.32     1540.47
        1884       15.07      399.20        7.14        4.09      129.07       69.60       62.45      612.76     1543.87
        1885       14.93      403.20        6.24        4.04      127.26       68.58       62.32      615.66     1547.44
        1886       15.00      407.23        7.24        4.07      128.39       69.35       62.12      619.05     1551.13
        1887       15.11      411.30        6.93        4.15      129.36       69.81       62.85      622.48     1554.77
        1888       15.06      415.41        6.93        4.04      130.54       70.47       63.54      626.02     1557.97
        1889       15.04      419.57        7.65        4.12      131.01       70.89       63.24      629.78     1561.55
        1890       15.06      423.76        6.29        4.15      130.01       70.04       63.75      633.07     1565.25
        1891       15.10      428.00        6.96        4.20      131.70       71.03       64.06      636.06     1569.04
        1892       15.20      432.28        6.27        4.39      132.42       71.22       64.95      639.26     1572.68
        1893       15.20      436.61        4.93        4.51      131.01       70.17       65.23      641.40     1575.76
        1894       14.89      440.97        6.89        4.38      131.31       71.04       64.15      643.33     1579.59
        1895       14.94      445.38        6.87        4.37      131.93       71.31       64.41      645.92     1584.07
        1896       14.99      449.83        6.62        4.41      133.20       71.91       65.30      648.77     1587.99
        1897       15.00      454.33        7.22        4.49      134.70       72.85       65.61      652.13     1591.60
        1898       14.96      458.88        8.61        4.54      136.66       74.17       65.56      656.11     1595.39
        1899       14.93      463.47        9.46        4.47      137.36       74.81       65.33      660.92     1599.87
        1900       15.06      468.10        7.86        4.60      137.07       74.14       66.28      664.86     1604.38
        1901       15.19      472.78        7.39        4.59      139.05       75.03       67.65      668.87     1608.10
        1902       14.95      477.51        7.92        4.59      137.25       74.39       66.45      672.01     1612.53
        1903       14.83      482.28        9.23        4.53      138.45       75.34       66.10      675.24     1618.02
        1904       15.05      487.10        9.19        4.67      141.13       76.66       67.48      679.05     1623.64
        1905       15.29      491.98        6.63        4.69      141.26       76.09       69.45      682.86     1627.53
        1906       15.11      496.90        7.07        4.77      139.84       75.63       68.55      685.86     1631.03
        1907       14.98      501.87        9.67        4.76      142.00       77.48       67.80      689.73     1635.73
        1908       15.07      506.88        9.16        4.74      143.18       77.90       68.73      694.14     1640.95
        1909       15.22      511.95        8.37        4.66      144.28       78.17       69.81      698.54     1645.43
        1910       15.34      517.07        5.81        4.66      142.81       76.82       71.00      701.79     1649.00
        1911       15.04      522.24        7.80        4.69      143.55       77.82       70.00      704.36     1653.15
        1912       14.92      527.46        9.30        4.79      144.12       78.62       69.32      707.65     1658.63
        1913       15.06      532.74        9.99        4.91      147.27       80.36       70.37      711.96     1664.04
        1914       15.11      538.07        8.59        4.89      146.19       79.40       70.81      716.17     1669.25
        1915       15.12      543.45        8.02        4.86      145.99       79.07       71.06      719.26     1674.27
        1916       15.15      548.88        7.96        4.92      147.40       79.90       71.93      722.44     1679.18
        1917       15.23      554.37        6.27        4.99      146.02       78.83       72.55      725.36     1683.57
        1918       15.05      559.92        7.72        5.02      147.03       79.73       72.00      727.77     1687.62
        1919       14.91      565.51        9.06        5.06      147.64       80.37       71.30      731.27     1692.80
        1920       14.96      571.17        8.90        5.01      149.79       81.49       72.58      734.73     1698.33
        1921       14.97      576.88        8.63        4.99      149.17       81.10       72.47      738.11     1703.76
        1922       14.99      582.65        7.99        5.24      149.02       80.86       72.87      741.03     1709.25
        1923       15.09      588.48        7.86        5.13      150.49       81.67       73.78      743.49     1714.34
        1924       15.09      594.36        8.14        5.36      150.95       81.92       73.79      746.56     1719.49
        1925       15.00      600.31        8.13        5.28      151.20       82.21       74.07      749.54     1724.75
        1926       15.03      606.31        8.19        5.14      151.02       82.13       73.93      752.43     1729.87
        1927       15.02      612.37        9.63        5.17      152.87       83.45       73.83      755.77     1735.54
        1928       15.14      618.49        8.84        5.14      154.52       84.12       75.27      759.70     1741.02
        1929       15.37      624.68        5.70        5.31      153.61       82.78       77.07      763.08     1744.73
        1930       14.98      630.93        7.75        5.19      152.53       83.06       75.29      765.52     1749.07
        1931       14.83      637.24        9.06        5.43      154.02       84.29       75.22      768.37     1754.53
        1932       14.96      643.60        9.56        5.39      155.02       84.64       75.08      771.73     1760.69
        1933       15.12      650.04        8.38        5.41      156.51       85.15       76.76      774.99     1766.48
        1934       15.27      656.55        5.89        5.34      155.95       84.32       78.44      777.66     1770.77
        1935       15.15      663.11        8.73        5.28      159.63       87.04       78.28      781.13     1774.39
        1936       15.01      669.74        8.28        5.26      156.61       85.38       77.11      784.68     1779.59
        1937       14.89      676.44        8.94        5.52      156.79       85.70       76.75      787.50     1785.19
        1938       15.03      683.21        9.07        5.50      158.84       86.73       77.66      791.16     1790.75
        1939       15.07      690.03        8.51        5.40      160.07       87.10       78.58      794.64     1795.80
        1940       15.08      696.93        6.93        5.40      159.13       86.34       79.40      797.77     1800.49
        1941       15.00      703.91        8.05        5.57      159.53       86.96       78.90      800.45     1805.36
        1942       15.01      710.95        9.12        5.53      161.71       88.23       79.10      803.53     1810.84
        1943       15.10      718.05        8.14        5.48      161.98       88.16       80.03      807.22     1816.17
        1944       15.10      725.23        7.74        5.59      162.36       88.45       80.70      809.92     1820.87
        1945       14.90      732.49        8.89        5.69      162.31       88.77       79.86      813.11     1826.22
        1946       14.93      739.81        9.96        5.62      163.52       89.55       79.59      816.91     1831.98
        1947       15.03      747.21        8.31        5.72      162.56       88.68       80.36      820.17     1837.80
        1948       15.18      754.68        7.97        5.82      165.23       89.84       81.86      823.67     1842.70
        1949       15.22      762.23        3.67        5.82      161.58       87.18       83.51      825.53     1846.24
        1950       14.93      769.85        8.16        5.79      163.99       89.67       81.50      827.68     1850.19
        1951       14.87      777.55        9.39        5.80      164.67       90.29       80.88      830.78     1855.87
        1952       15.10      785.32        7.96        5.77      165.46       90.28       82.32      833.65     1861.88
        1953       15.16      793.18        7.15        5.83      165.42       90.02       82.87      836.00     1866.88
        1954       15.13      801.11        7.20        5.68      165.72       90.28       83.06      838.02     1871.86
        1955       15.02      809.12        8.19        5.74      166.35       90.91       82.72      840.63     1876.93
        1956       15.11      817.21        8.55        5.81      168.63       92.02       83.47      844.20     1882.12
        1957       15.16      825.39        6.44        5.67      166.89       90.78       84.34      846.93     1886.58
        1958       15.00      833.64        7.75        5.74      166.42       90.97       83.21      849.12     1891.42
        1959       15.03      841.98        8.34        5.75      168.85       92.42       84.06      852.32     1896.58
        1960       15.08      850.39        7.31        5.68      168.04       91.73       84.42      854.97     1901.81
        1961       15.17      858.90        6.48        5.70      168.58       91.82       85.33      856.99     1906.30
        1962       15.13      867.49        7.21        5.74      169.74       92.85       85.64      859.58     1910.87
        1963       14.99      876.16        9.09        5.83      170.77       93.82       84.71      862.72     1915.75
        1964       14.99      884.92        9.13        5.80      171.00       93.69       84.56      866.07     1921.74
        1965       15.12      893.77        7.48        5.74      171.06       93.45       85.97      868.69     1927.35
        1966       15.20      902.71        8.23        6.03      173.94       95.18       86.95      872.06     1931.57
        1967       15.42      911.74        5.66        5.93      173.83       94.32       88.66      875.94     1935.09
        1968       15.17      920.85        5.59        5.98      171.10       93.11       87.50      877.70     1938.38
        1969       14.98      930.07        8.33        6.00      171.30       94.03       85.71      879.47     1943.59
        1970       15.03      939.37       10.42        6.06      175.83       96.77       86.32      883.52     1949.36
        1971       15.15      948.75        7.71        6.03      174.80       95.54       87.80      887.28     1954.94
        1972       15.15      958.24        6.73        6.13      174.35       95.11       88.39      889.32     1959.68
        1973       15.15      967.83        6.82        6.21      174.20       95.09       88.27      891.22     1964.58
        1974       15.15      977.51        6.91        6.17      174.60       95.39       88.47      893.16     1969.49
        1975       15.01      987.28        7.48        6.25      174.89       95.76       88.28      895.42     1974.44
        1976       15.21      997.15        7.72        6.22      177.53       97.13       89.39      898.21     1979.40
        1977       15.45     1007.13        4.30        5.91      177.34       96.20       91.90      901.33     1982.33
        1978       15.20     1017.20        5.20        6.02      174.64       95.14       89.94      903.12     1984.98
        1979       14.91     1027.37        6.98        6.17      173.70       95.34       88.34      904.38     1989.76
        1980       14.94     1037.63        8.95        6.20      177.44       97.54       88.59      906.91     1995.48
        1981       15.24     1048.02        7.75        5.99      179.70       98.36       90.61      910.40     2000.57
        1982       15.28     1058.50        6.58        6.02      178.93       97.68       91.10      913.35     2004.64
        1983       15.05     1069.08        7.52        6.08      177.21       97.18       89.64      915.18     2009.82
        1984       15.05     1079.77        6.83        6.07      177.36       97.02       90.18      916.77     2015.53
        1985       15.11     1090.58        7.42        6.15      179.25       98.21       90.79      918.75     2020.55
        1986       15.26     1101.48        7.18        6.21      182.28       99.69       92.51      921.98     2024.89
        1987       15.26     1112.49        5.97        6.03      180.08       98.35       92.37      925.05     2027.96
        1988       14.92     1123.61        6.14        6.29      176.56       96.78       90.63      925.82     2032.83
        1989       14.97     1134.86        7.18        6.24      178.32       97.81       90.62      927.74     2038.21
        1990       14.96     1146.21        8.68        6.35      181.06       99.52       90.84      930.24     2043.72
        1991       15.24     1157.67        8.20        6.18      184.18      101.09       92.88      933.59     2049.01
        1992       15.44     1169.23        4.78        6.27      183.35      100.01       95.23      936.59     2052.15
        1993       15.22     1180.94        6.46        6.21      181.74       99.63       93.16      938.68     2055.70
        1994       15.09     1192.75        6.43        6.46      180.36       98.83       92.40      940.05     2060.91
        1995       15.14     1204.67        5.71        6.39      181.39       99.26       93.54      941.31     2065.64
        1996       15.26     1216.71        5.63        6.35      183.67      100.46       94.82      943.33     2069.40
        1997       15.27     1228.88        3.81        6.27      181.52       98.93       95.11      945.27     2072.21
        1998       15.08     1241.18        6.73        6.51      182.44      100.40       93.67      946.69     2075.79
        1999       15.08     1253.59        7.44        6.27      183.59      100.96       93.50      949.39     2080.40
