        YEAR          ST         CO2 LA_CO2_FLUX OA_CO2_FLUX         GPP         NPP      HETRES       CLIVE       CDEAD
        1850       14.98      284.62       -0.21        0.16      108.57       57.48       57.70      539.72     1491.00
        1851       15.08      287.47       -1.34        0.61      108.34       57.10       58.43      539.16     1490.72
        1852       14.89      290.34        0.47        0.96      109.66       58.41       57.93      538.72     1490.50
        1853       14.91      293.25        1.37        1.08      110.70       59.05       57.69      539.96     1490.57
        1854       15.01      296.18        1.11        1.22      110.98       59.13       58.01      540.85     1490.76
        1855       15.00      299.14        1.68        1.38      111.54       59.43       57.75      541.88     1491.08
        1856       15.14      302.13        0.87        1.67      112.07       59.52       58.65      543.03     1491.23
        1857       15.19      305.15        0.49        1.76      112.80       59.87       59.38      544.67     1490.21
        1858       14.92      308.21        2.64        1.92      113.10       60.62       57.98      546.45     1490.02
        1859       14.91      311.29        3.39        1.99      113.02       60.62       57.23      548.50     1491.07
        1860       15.10      314.40        2.21        2.23      113.46       60.49       58.28      550.02     1492.33
        1861       15.33      317.55        0.79        2.28      115.04       60.99       60.20      551.83     1492.11
        1862       15.10      320.72        3.25        2.37      115.54       61.81       58.55      553.84     1492.00
        1863       14.90      323.93        3.10        2.40      114.00       61.04       57.94      555.53     1493.31
        1864       15.09      327.16        3.49        2.46      116.27       62.30       58.81      557.63     1495.03
        1865       15.36      330.44        2.54        2.61      116.70       62.21       59.67      559.48     1495.93
        1866       15.39      333.74        0.64        2.70      115.86       61.27       60.63      561.10     1495.65
        1867       15.09      337.08        2.71        2.79      115.27       61.49       58.79      562.63     1495.96
        1868       15.14      340.45        3.48        2.90      116.80       62.50       59.01      564.36     1497.29
        1869       15.20      343.86        4.38        3.00      118.35       63.48       59.10      567.14     1498.64
        1870       15.34      347.30        3.95        3.10      118.77       63.57       59.62      569.63     1500.18
        1871       15.49      350.77        3.15        3.18      119.91       63.94       60.79      572.37     1501.07
        1872       15.55      354.27        2.71        3.25      120.83       64.26       61.55      574.96     1501.24
        1873       15.36      357.82        3.54        3.21      120.03       64.17       60.62      577.31     1502.06
        1874       15.31      361.40        4.44        3.26      119.91       64.33       59.88      579.32     1503.95
        1875       15.34      365.01        4.96        3.35      121.79       65.42       60.47      582.27     1505.97
        1876       15.43      368.66        4.91        3.37      123.35       66.15       61.23      585.58     1507.59
        1877       15.58      372.35        4.30        3.44      123.14       65.84       61.53      588.75     1509.01
        1878       15.62      376.07        3.66        3.43      124.55       66.41       62.75      592.08     1509.69
        1879       15.38      379.83        4.67        3.45      123.86       66.40       61.72      594.92     1510.71
        1880       15.35      383.63        6.14        3.56      125.70       67.66       61.51      598.33     1513.03
        1881       15.63      387.47        4.52        3.51      126.53       67.62       63.10      601.78     1515.01
        1882       15.65      391.34        3.86        3.58      125.69       66.99       63.13      604.52     1516.36
        1883       15.48      395.25        4.69        3.78      126.17       67.54       62.85      606.87     1518.12
        1884       15.46      399.20        5.59        3.81      126.79       68.13       62.52      609.50     1520.67
        1885       15.70      403.20        7.21        3.79      130.93       70.60       63.38      613.69     1523.11
        1886       15.83      407.23        5.35        3.85      130.58       69.82       64.48      618.28     1524.93
        1887       15.90      411.30        4.71        3.86      130.32       69.58       64.86      621.71     1526.28
        1888       15.67      415.41        7.49        3.92      132.30       71.38       63.89      625.71     1528.47
        1889       15.84      419.57        6.05        3.91      131.03       70.21       64.16      629.59     1531.52
        1890       15.80      423.76        4.93        3.94      130.78       69.85       64.92      632.32     1533.93
        1891       15.59      428.00        6.89        3.94      131.26       70.64       63.74      634.93     1537.27
        1892       15.76      432.28        7.40        3.91      133.98       72.17       64.77      638.46     1541.16
        1893       15.84      436.61        6.46        3.83      134.91       72.55       66.09      642.38     1544.30
        1894       15.87      440.97        5.84        3.93      134.06       71.83       65.98      645.36     1547.17
        1895       16.06      445.38        4.69        4.04      134.48       71.65       66.96      648.36     1549.68
        1896       16.07      449.83        4.53        4.01      134.89       71.79       67.27      650.73     1551.78
        1897       15.87      454.33        5.24        4.02      134.42       71.98       66.71      653.02     1554.00
        1898       15.72      458.88        6.73        4.07      135.74       73.09       66.35      656.39     1557.06
        1899       15.77      463.47        7.53        4.08      136.81       73.78       66.24      660.02     1560.49
        1900       15.90      468.10        7.44        4.20      137.96       74.25       66.80      663.84     1564.30
        1901       16.14      472.78        5.15        4.28      138.47       73.74       68.60      666.95     1567.42
        1902       16.23      477.51        3.40        4.20      137.89       73.23       69.82      669.64     1568.97
        1903       15.90      482.28        6.32        4.24      138.24       74.35       68.03      671.82     1571.62
        1904       15.96      487.10        6.15        4.34      138.56       74.35       68.19      674.44     1575.28
        1905       15.98      491.98        6.77        4.31      139.57       75.11       68.34      677.35     1578.94
        1906       16.21      496.90        6.77        4.26      142.56       76.67       69.90      681.39     1581.97
        1907       16.47      501.87        4.47        4.30      143.27       76.26       71.79      685.64     1583.32
        1908       16.13      506.88        5.83        4.22      141.79       75.96       70.12      688.35     1585.12
        1909       16.20      511.95        6.80        4.29      143.27       77.00       70.19      692.32     1588.06
        1910       16.43      517.07        6.12        4.44      142.99       76.56       70.45      695.41     1591.13
        1911       16.65      522.24        4.53        4.48      145.89       77.62       73.09      698.97     1593.21
        1912       16.56      527.46        4.59        4.52      145.64       77.57       72.97      701.99     1594.37
        1913       16.22      532.74        7.12        4.43      145.28       78.20       71.07      705.24     1597.19
        1914       16.24      538.07        7.28        4.41      145.30       78.12       70.86      708.37     1601.26
        1915       16.46      543.45        7.28        4.43      148.28       79.61       72.31      712.11     1604.83
        1916       16.73      548.88        2.37        4.41      145.33       76.70       74.34      714.89     1606.94
        1917       16.39      554.37        5.26        4.39      146.03       78.00       72.74      716.56     1608.70
        1918       16.28      559.92        7.07        4.58      147.21       79.18       72.09      719.38     1611.99
        1919       16.27      565.51        6.45        4.54      146.71       78.72       72.28      722.71     1615.70
        1920       16.44      571.17        8.20        4.48      151.81       81.76       73.54      726.78     1619.12
        1921       16.78      576.88        5.38        4.47      151.63       80.79       75.41      731.13     1621.75
        1922       16.82      582.65        4.31        4.58      150.75       80.18       75.86      734.23     1623.21
        1923       16.54      588.48        5.47        4.72      147.91       79.14       73.65      735.88     1626.17
        1924       16.59      594.36        7.95        4.72      152.98       82.39       74.44      738.97     1630.05
        1925       16.87      600.31        4.18        4.57      152.32       80.93       76.74      742.73     1632.76
        1926       16.87      606.31        2.41        4.59      150.00       79.34       76.94      744.62     1633.71
        1927       16.48      612.37        6.95        4.74      152.41       81.99       75.02      746.77     1636.08
        1928       16.61      618.49        8.18        4.77      155.30       83.69       75.52      751.05     1639.61
        1929       16.94      624.68        8.37        4.70      158.14       84.88       76.51      756.31     1642.86
        1930       17.10      630.93        4.21        4.51      155.59       82.49       78.29      760.25     1645.01
        1931       16.83      637.24        7.65        4.59      157.22       84.55       76.88      763.52     1647.62
        1932       16.85      643.60        6.46        4.86      155.64       83.50       77.03      766.76     1651.53
        1933       17.13      650.04        6.87        4.66      159.80       85.43       78.58      770.66     1654.73
        1934       17.41      656.55        2.31        4.69      157.83       83.36       81.04      773.78     1656.09
        1935       17.15      663.11        4.59        4.75      156.87       83.64       79.04      775.54     1657.46
        1936       16.93      669.74        6.60        4.85      158.36       84.97       78.37      778.35     1660.36
        1937       17.08      676.44        8.67        4.73      161.81       86.89       78.22      783.03     1663.75
        1938       17.37      683.21        6.13        4.70      163.38       86.98       80.84      787.53     1666.51
        1939       17.32      690.03        4.11        4.66      161.44       85.71       81.60      790.90     1667.95
        1940       17.06      696.93        6.52        4.73      160.32       85.88       79.34      793.27     1670.64
        1941       17.14      703.91        7.16        4.83      162.47       86.97       79.81      796.67     1674.74
        1942       17.44      710.95        4.52        4.70      162.14       85.98       81.46      799.50     1677.74
        1943       17.33      718.05        5.45        4.78      163.19       86.97       81.51      801.86     1680.07
        1944       17.10      725.23        7.58        4.95      163.80       87.85       80.26      804.49     1683.82
        1945       17.29      732.49        6.97        4.90      164.63       88.12       81.16      808.11     1687.96
        1946       17.58      739.81        3.54        4.89      163.74       86.64       83.11      810.75     1690.64
        1947       17.40      747.21        4.47        4.93      163.68       87.07       82.57      812.52     1692.39
        1948       17.27      754.68        6.39        4.95      165.13       88.53       82.14      815.19     1695.26
        1949       17.35      762.23        7.27        4.64      167.41       89.80       82.52      819.35     1698.35
        1950       17.46      769.85        6.65        4.73      168.06       89.82       83.19      823.44     1701.07
        1951       17.47      777.55        6.50        4.83      168.55       90.00       83.49      826.84     1704.06
        1952       17.55      785.32        5.13        4.80      167.88       89.26       84.14      829.86     1707.02
        1953       17.49      793.18        4.90        4.90      167.12       89.03       84.13      831.71     1709.96
        1954       17.56      801.11        5.15        4.90      167.59       89.29       84.12      833.74     1712.92
        1955       17.72      809.12        4.51        4.94      169.36       90.05       85.54      836.39     1715.44
        1956       17.92      817.21        2.43        4.82      168.40       89.07       86.63      838.28     1716.70
        1957       17.69      825.39        6.45        4.90      171.38       91.79       85.32      841.25     1718.16
        1958       17.59      833.64        7.74        4.76      171.85       92.21       84.48      845.47     1721.30
        1959       17.70      841.98        6.53        4.66      171.67       91.71       85.17      849.15     1724.56
        1960       17.99      850.39        4.78        4.57      174.37       92.51       87.75      852.98     1726.85
        1961       17.93      858.90        3.26        4.82      170.87       90.67       87.40      854.77     1728.43
        1962       17.64      867.49        7.04        4.80      172.79       92.63       85.58      857.42     1731.21
        1963       17.69      876.16        7.59        5.00      175.33       93.93       86.33      861.38     1734.87
        1964       18.11      884.92        4.32        4.81      176.93       93.91       89.60      865.00     1737.45
        1965       18.12      893.77        1.75        4.73      173.65       91.70       89.95      867.21     1737.70
        1966       17.85      902.71        5.31        5.02      174.03       92.90       87.57      869.28     1739.14
        1967       17.91      911.74        5.87        4.97      174.52       93.36       87.48      872.01     1742.07
        1968       18.11      920.85        5.25        5.10      176.37       93.83       88.59      875.32     1744.65
        1969       18.28      930.07        2.91        5.06      177.56       93.92       91.01      878.36     1745.60
        1970       18.14      939.37        3.61        5.00      177.57       94.14       90.52      881.29     1745.73
        1971       17.93      948.75        6.99        4.98      178.12       95.28       88.27      884.32     1748.11
        1972       18.13      958.24        6.96        4.92      180.56       96.12       89.18      887.95     1751.81
        1973       18.43      967.83        2.05        4.67      179.15       94.72       92.65      890.39     1753.37
        1974       18.18      977.51        4.47        4.84      178.70       95.03       90.55      892.40     1754.54
        1975       18.04      987.28        7.41        4.79      180.78       96.87       89.44      895.63     1757.46
        1976       18.16      997.15        7.51        4.75      182.48       97.40       89.90      899.78     1761.08
        1977       18.50     1007.13        1.72        4.66      179.80       94.61       92.89      902.35     1763.04
        1978       18.32     1017.20        2.37        4.93      180.46       95.59       93.20      904.00     1763.25
        1979       18.04     1027.37        7.16        4.87      182.75       97.89       90.72      907.08     1765.02
        1980       18.13     1037.63        7.37        4.82      183.30       98.11       90.72      911.00     1768.57
        1981       18.51     1048.02        5.10        4.71      184.86       98.15       93.06      914.59     1771.49
        1982       18.51     1058.50        2.55        4.65      183.48       97.13       94.57      916.96     1772.23
        1983       18.28     1069.08        7.32        4.86      186.24       99.80       92.46      920.08     1774.33
        1984       18.48     1079.77        6.54        4.72      187.29       99.82       93.29      924.06     1777.46
        1985       18.88     1090.58        1.22        4.61      186.05       97.90       96.68      927.27     1778.33
        1986       18.50     1101.48        4.72        4.95      184.61       98.19       93.44      928.66     1779.02
        1987       18.61     1112.49        5.92        4.78      188.48      100.34       94.45      932.75     1781.39
        1988       18.92     1123.61        1.66        4.99      186.68       98.17       96.49      935.18     1782.21
        1989       18.69     1134.86        4.11        5.03      186.42       98.86       94.74      936.90     1783.04
        1990       18.50     1146.21        6.24        5.18      187.83      100.29       94.04      939.90     1785.47
        1991       18.63     1157.67        6.33        4.90      188.65      100.41       94.08      943.49     1788.62
        1992       18.97     1169.23        2.63        4.97      189.29       99.69       97.06      945.82     1790.68
        1993       18.86     1180.94        4.62        4.85      189.54      100.47       95.83      947.97     1792.04
        1994       18.72     1192.75        5.41        5.25      190.03      100.97       95.56      950.61     1794.39
        1995       19.00     1204.67        1.65        4.95      188.78       99.31       97.68      952.74     1796.09
        1996       19.02     1216.71       -0.23        4.90      187.96       98.78       98.98      953.15     1795.69
        1997       18.84     1228.88        3.99        4.82      189.00      100.33       96.35      954.88     1796.06
        1998       18.88     1241.18        6.03        5.00      192.24      102.21       96.17      958.14     1798.08
        1999       19.22     1253.59        1.57        4.84      192.15      101.10       99.54      961.55     1798.94
